1 0 60 0 1
2 1 74 84 1
3 2 100 182 2
4 0 60 306 1
5 2 100 390 2
6 1 74 514 1
10 0 72 1212 1
11 0 60 1308 1
12 2 100 1392 2
13 1 74 1516 1
14 2 100 1614 2
15 0 60 1738 1
16 1 74 1822 1
20 1 200 2520 1
21 0 60 2744 1
22 2 100 2828 2
23 1 74 2952 1
24 2 100 3050 2
25 0 60 3174 1
26 1 74 3258 1
30 2 72 3956 2
31 0 60 4052 1
32 2 100 4136 2
33 1 74 4260 1
34 2 100 4358 2
35 0 60 4482 1
36 1 74 4566 1
40 2 200 5264 2
41 0 60 5488 1
42 2 100 5572 2
43 1 74 5696 1
44 2 100 5794 2
45 0 60 5918 1
46 1 74 6002 1
50 1 200 6700 1
51 0 60 6924 1
52 2 100 7008 2
53 1 74 7132 1
54 2 100 7230 2
55 0 60 7354 1
56 1 74 7438 1
60 1 200 8136 1
61 0 60 8360 1
62 2 100 8444 2
63 1 74 8568 1
64 2 100 8666 2
65 0 60 8790 1
66 1 74 8874 1
