# points=263  (first=LSLONG_s0 last=LSLONG_s262)
# idx  tA            dt_ms   dW51        k  kcum  rate_Gbps   P        duty%   dW15        dW55 dW23  red_rate
   0 1791560983.546335  1138.9   1317781435 0     0     9.2567     197.14    1.0    1317843455    1    0  1.0000471
   1 1791560984.799259   550.5    635887750 0     0     9.2401     197.50    1.0     635917310    3    0  1.0000465
   2 1791560985.350088   551.6    643435669 0     0     9.3319     195.56    1.0     643436165    0    0  1.0000008
   3 1791560985.901294   551.1    638828026 1     1     9.2727     196.79    1.0     638894250    2    0  1.0001037
   4 1791560986.452773   550.6    633552070 0     1     9.2059     198.22    1.0     633619270    2    0  1.0001061
   5 1791560987.002990   624.1    702014825 0     1     8.9990     202.76    1.0     702142765    3    0  1.0001822
   6 1791560987.597775   663.3    763027665 0     1     9.2023     198.30    1.0     763091925    2    0  1.0000842
   7 1791560988.256368   552.7    613450850 0     1     8.8794     205.51    0.9     613520910    2    0  1.0001142
   8 1791560988.842722  1314.8   1537278390 1     2     9.3538     195.10    1.0    1537341170    1    0  1.0000408
   9 1791560990.123799   568.9    650850550 0     2     9.1523     199.38    1.0     650911510    1    0  1.0000937
  10 1791560990.726728  1099.9   1265946831 0     2     9.2073     198.19    1.0    1266080615    4    0  1.0001057
  11 1791560991.827441   551.4    633497194 0     2     9.1907     198.55    1.0     633562330    2    0  1.0001028
  12 1791560992.378140   552.5    638365625 0     2     9.2434     197.42    1.0     638431285    2    0  1.0001029
  13 1791560992.930807   790.7    911205633 1     3     9.2192     197.94    1.0     911271705    2    0  1.0000725
  14 1791560993.707561  1347.2   1525448374 0     3     9.0587     201.43    1.0    1525655330    7    0  1.0001357
  15 1791560994.918819   725.1    835020925 0     3     9.2133     198.07    1.0     835083065    1    0  1.0000744
  16 1791560995.793775   551.6    637359090 0     3     9.2437     197.42    1.0     637383150    2    0  1.0000377
  17 1791560996.345214   552.2    615182245 0     3     8.9119     204.74    0.9     615316565    4    0  1.0002183
  18 1791560996.897540   895.0   1025734457 1     4     9.1681     199.05    1.0    1025798485    1    0  1.0000624
  19 1791560997.792454   706.2    807547409 0     4     9.1481     199.46    1.0     807677405    3    0  1.0001610
  20 1791560998.438899  1313.4   1513928462 0     4     9.2216     197.89    1.0    1513994310    2    0  1.0000435
  21 1791560999.657731  1338.6   1538556238 1     5     9.1948     198.46    1.0    1538682910    2    0  1.0000823
  22 1791561001.150967   687.0    790615845 0     5     9.2064     198.21    1.0     790678625    1    0  1.0000794
  23 1791561001.837920   552.9    641729242 0     5     9.2851     196.53    1.0     641798190    2    0  1.0001074
  24 1791561002.390847   710.0    798748989 0     5     9.0005     202.73    1.0     798876525    3    0  1.0001597
  25 1791561003.100785   933.8   1048639744 0     5     8.9841     203.11    1.0    1048787500    5    0  1.0001409
  26 1791561004.032949   593.3    666042073 0     5     8.9813     203.19    0.9     666063245    3    0  1.0000318
  27 1791561004.628152   700.6    821876221 1     6     9.3850     194.45    1.0     821893425    2    0  1.0000209
  28 1791561005.328798   949.7   1078144048 0     6     9.0818     200.92    1.0    1078282420    5    0  1.0001283
  29 1791561006.192701   867.9    998956377 0     6     9.2085     198.17    1.0     999019165    1    0  1.0000629
  30 1791561007.146051   997.2   1153289211 0     6     9.2519     197.24    1.0    1153355475    2    0  1.0000575
  31 1791561007.991575  1036.9   1192519592 1     7     9.2007     198.35    1.0    1192563920    5    0  1.0000372
  32 1791561009.180573   722.5    835808573 0     7     9.2551     197.18    1.0     835827665    2    0  1.0000228
  33 1791561009.902984   598.5    689783073 0     7     9.2205     197.91    1.0     689851025    2    0  1.0000985
  34 1791561010.500371   633.3    736076638 0     7     9.2979     196.26    1.0     736143390    2    0  1.0000907
  35 1791561011.134278   603.0    704962825 0     7     9.3526     195.13    1.0     704962025    0    0  0.9999989
  36 1791561011.685067   842.5    980407392 1     8     9.3093     196.03    1.0     980431760    3    0  1.0000249
  37 1791561012.411124   690.0    801591849 0     8     9.2944     196.34    1.0     801653445    1    0  1.0000768
  38 1791561013.270456   748.9    873981757 0     8     9.3357     195.48    1.0     873981845    0    0  1.0000001
  39 1791561013.963444   553.7    648029510 0     8     9.3637     194.89    1.0     648055750    2    0  1.0000405
  40 1791561014.572628   847.8    977155724 0     8     9.2209     197.91    1.0     977180340    2    0  1.0000252
  41 1791561015.420882   821.3    947983236 1     9     9.2335     197.63    1.0     948050420    2    0  1.0000709
  42 1791561016.241746  1241.0   1419793127 0     9     9.1525     199.38    1.0    1419926655    4    0  1.0000940
  43 1791561017.481881   759.7    884894389 0     9     9.3186     195.83    1.0     884961045    2    0  1.0000753
  44 1791561018.242328   876.1   1016127392 0     9     9.2781     196.68    1.0    1016197380    2    0  1.0000689
  45 1791561019.067462  1181.7   1371599111 1    10     9.2858     196.52    1.0    1371726215    3    0  1.0000927
  46 1791561020.300289   551.1    645308046 0    10     9.3675     194.82    1.0     645308030    0    0  1.0000000
  47 1791561020.851659   819.2    940507732 0    10     9.1845     198.69    1.0     940579600    3    0  1.0000764
  48 1791561021.598843   905.9   1046495720 0    10     9.2417     197.45    1.0    1046631080    4    0  1.0001293
  49 1791561022.575070   829.1    955481941 0    10     9.2193     197.95    1.0     955500945    2    0  1.0000199
  50 1791561023.405794   824.5    920998656 1    11     8.9359     204.20    0.9     921136780    5    0  1.0001500
  51 1791561024.165839   608.7    677992474 0    11     8.9112     204.75    0.9     678133210    5    0  1.0002076
  52 1791561024.801071   685.5    763832145 0    11     8.9145     204.68    0.9     763966465    4    0  1.0001759
  53 1791561025.524831   776.3    880939848 0    11     9.0784     201.00    1.0     881071460    4    0  1.0001494
  54 1791561026.300238   750.4    868536913 0    11     9.2599     197.07    1.0     868604665    2    0  1.0000780
  55 1791561027.051205   817.3    922148865 1    12     9.0258     202.17    1.0     922278645    3    0  1.0001407
  56 1791561027.868513   783.0    901809748 0    12     9.2143     198.04    1.0     901880840    3    0  1.0000788
  57 1791561028.578223   767.8    886317417 0    12     9.2345     197.61    1.0     886388925    3    0  1.0000807
  58 1791561029.419290   835.7    955830721 0    12     9.1504     199.41    1.0     955965225    4    0  1.0001407
  59 1791561030.254206   727.9    838321548 1    13     9.2136     198.06    1.0     838389820    2    0  1.0000814
  60 1791561030.982845   746.8    868201705 0    13     9.3005     196.22    1.0     868223605    3    0  1.0000252
  61 1791561031.729729   550.7    611529470 0    13     8.8830     205.40    0.9     611660870    4    0  1.0002149
  62 1791561032.279957   603.9    696758981 0    13     9.2295     197.73    1.0     696758285    0    0  0.9999990
  63 1791561032.884064   722.7    821911917 0    13     9.0982     200.57    1.0     821983945    3    0  1.0000876
  64 1791561033.606419   923.5   1075634820 0    13     9.3177     195.85    1.0    1075701140    2    0  1.0000617
  65 1791561034.522192   972.3   1093514400 1    14     8.9974     202.80    1.0    1093707320    4    0  1.0001764
  66 1791561035.502719   788.9    908276493 0    14     9.2104     198.13    1.0     908344405    2    0  1.0000748
  67 1791561036.229363  1086.6   1230429907 0    14     9.0590     201.42    1.0    1230625975    5    0  1.0001593
  68 1791561037.378363   778.2    898811561 0    14     9.2398     197.50    1.0     898879225    2    0  1.0000753
  69 1791561038.156095   602.3    689444601 1    15     9.1573     199.27    1.0     689512305    2    0  1.0000982
  70 1791561038.707139   744.4    860067489 0    15     9.2428     197.43    1.0     860138125    3    0  1.0000821
  71 1791561039.481690  1122.4   1300796519 0    15     9.2715     196.83    1.0    1300859275    1    0  1.0000482
  72 1791561040.625154  1189.5   1372345495 0    15     9.2297     197.72    1.0    1372434315    5    0  1.0000647
  73 1791561041.757500   884.5   1030763280 1    16     9.3232     195.73    1.0    1030830960    2    0  1.0000657
  74 1791561042.699449   551.1    641356506 0    16     9.3109     196.01    1.0     641355810    0    0  0.9999989
  75 1791561043.249965   554.5    648771690 0    16     9.3602     194.95    1.0     648839770    2    0  1.0001049
  76 1791561043.801300   982.1   1143018047 0    16     9.3111     196.00    1.0    1143017215    0    0  0.9999993
  77 1791561044.786728   553.0    644525962 0    16     9.3244     195.71    1.0     644545910    2    0  1.0000309
  78 1791561045.339540   998.1   1160377852 1    17     9.3010     196.21    1.0    1160403040    3    0  1.0000217
  79 1791561046.314905  1274.9   1455743230 0    17     9.1350     199.76    1.0    1455873170    3    0  1.0000893
  80 1791561047.501697  1016.7   1181203096 0    17     9.2947     196.34    1.0    1181263520    1    0  1.0000512
  81 1791561048.487874   855.7    971789124 0    17     9.0848     200.85    1.0     971925800    4    0  1.0001406
  82 1791561049.469262  1170.0   1346616883 1    18     9.2079     198.18    1.0    1346748535    4    0  1.0000978
  83 1791561050.655244   623.5    725450521 0    18     9.3085     196.05    1.0     725476485    1    0  1.0000358
  84 1791561051.216419   682.2    800673277 0    18     9.3895     194.36    1.0     800672325    0    0  0.9999988
  85 1791561051.960343   651.1    713661470 0    18     8.7690     208.07    0.9     713824370    8    0  1.0002283
  86 1791561052.611899   551.1    631343289 0    18     9.1646     199.13    1.0     631342985    0    0  0.9999995
  87 1791561053.162714   921.5   1049259632 1    19     9.1094     200.31    1.0    1049393400    4    0  1.0001275
  88 1791561054.083961   962.6   1104977584 0    19     9.1835     198.71    1.0    1105066120    4    0  1.0000801
  89 1791561055.046621   602.7    682377454 0    19     9.0580     201.46    1.0     682444590    2    0  1.0000984
  90 1791561055.649151   642.3    747584429 0    19     9.3112     195.98    1.0     747650965    2    0  1.0000890
  91 1791561056.199932   833.1    947342792 1    20     9.0967     200.60    1.0     947429920    4    0  1.0000920
  92 1791561057.124553   949.1   1102260244 0    20     9.2914     196.40    1.0    1102333000    3    0  1.0000660
  93 1791561058.073755   752.9    845931729 0    20     8.9885     203.00    1.0     846069565    5    0  1.0001629
  94 1791561058.826680   776.8    905292541 0    20     9.3230     195.75    1.0     905313445    2    0  1.0000231
  95 1791561059.603484   782.1    886739117 0    20     9.0705     201.18    1.0     886810865    3    0  1.0000809
  96 1791561060.385606  1055.8   1216424363 1    21     9.2172     197.98    1.0    1216560335    4    0  1.0001118
  97 1791561061.435490  1168.4   1345349483 0    21     9.2119     198.11    1.0    1345387815    5    0  1.0000285
  98 1791561062.609593   550.6    618993362 0    21     8.9940     202.89    1.0     619063070    2    0  1.0001126
  99 1791561063.160484   596.8    700263977 0    21     9.3872     194.41    1.0     700284185    3    0  1.0000289
 100 1791561063.756979  1016.3   1166140976 1    22     9.1798     198.79    1.0    1166212380    3    0  1.0000612
 101 1791561064.773268   608.7    708788997 0    22     9.3156     195.89    1.0     708855845    2    0  1.0000943
 102 1791561065.381939   758.6    868138381 0    22     9.1553     199.32    1.0     868206085    2    0  1.0000780
 103 1791561066.141074   905.4   1055664980 0    22     9.3275     195.64    1.0    1055726880    1    0  1.0000586
 104 1791561067.046078   727.0    819708205 0    22     9.0205     202.29    1.0     819793945    4    0  1.0001046
 105 1791561067.773000   864.6   1004886144 1    23     9.2979     196.26    1.0    1004958300    3    0  1.0000718
 106 1791561068.637969  1061.6   1220189240 0    23     9.1950     198.45    1.0    1220319980    3    0  1.0001071
 107 1791561069.636254  1582.7   1835134305 0    23     9.2757     196.74    1.0    1835205845    3    0  1.0000390
 108 1791561070.783339   728.7    846899749 0    23     9.2972     196.28    1.0     846961625    1    0  1.0000731
 109 1791561072.010528   791.9    909577944 1    24     9.1889     198.59    1.0     909640740    1    0  1.0000690
 110 1791561072.802267   802.5    918538453 0    24     9.1572     199.27    1.0     918672445    4    0  1.0001459
 111 1791561073.605020  1061.8   1218522319 0    24     9.1810     198.76    1.0    1218656895    4    0  1.0001104
 112 1791561074.666702   553.0    641787250 0    24     9.2844     196.57    1.0     641787970    0    0  1.0000011
 113 1791561075.219663   552.2    640371385 1    25     9.2775     196.70    1.0     640396445    3    0  1.0000391
 114 1791561075.771813   929.8   1073822640 0    25     9.2388     197.52    1.0    1073892200    3    0  1.0000648
 115 1791561076.701734   731.0    849738161 0    25     9.2995     196.23    1.0     849810085    3    0  1.0000846
 116 1791561077.432802   640.5    751120438 0    25     9.3813     194.53    1.0     751120070    0    0  0.9999995
 117 1791561077.986146  1096.6   1253712955 0    25     9.1461     199.52    1.0    1253842895    3    0  1.0001036
 118 1791561079.170382   581.1    652653065 1    26     8.9850     203.07    1.0     652787465    5    0  1.0002059
 119 1791561079.751297   759.6    860278389 0    26     9.0607     201.39    1.0     860412605    4    0  1.0001560
 120 1791561080.506970   598.4    679598286 0    26     9.0850     200.87    1.0     679619490    3    0  1.0000312
 121 1791561081.108994   941.2   1069077524 0    26     9.0872     200.81    1.0    1069212900    4    0  1.0001266
 122 1791561082.050437  1101.3   1270751107 0    26     9.2311     197.68    1.0    1270854815    4    0  1.0000816
 123 1791561083.151679  1365.3   1591876290 1    27     9.3275     195.65    1.0    1591937870    1    0  1.0000387
 124 1791561084.316012   682.0    776717601 0    27     9.1111     200.28    1.0     776785265    2    0  1.0000871
 125 1791561085.198695  1273.8   1466042055 0    27     9.2072     198.20    1.0    1466126895    4    0  1.0000579
 126 1791561086.472005  1059.0   1215406279 1    28     9.1815     198.76    1.0    1215475555    2    0  1.0000570
 127 1791561087.476177   857.4    961066465 0    28     8.9674     203.47    0.9     961263565    5    0  1.0002051
 128 1791561088.386618   933.4   1076172944 0    28     9.2235     197.85    1.0    1076234040    1    0  1.0000568
 129 1791561089.322396   727.7    811314985 0    28     8.9197     204.57    0.9     811444205    3    0  1.0001593
 130 1791561090.049563   628.2    726672377 0    28     9.2538     197.20    1.0     726739385    2    0  1.0000922
 131 1791561090.605407  1012.5   1168293555 1    29     9.2313     197.67    1.0    1168424135    3    0  1.0001118
 132 1791561091.690751   747.2    854456029 0    29     9.1487     199.46    1.0     854522965    2    0  1.0000783
 133 1791561092.388787   915.3   1051484312 0    29     9.1907     198.55    1.0    1051573180    5    0  1.0000845
 134 1791561093.352165   745.4    839683397 0    29     9.0124     202.48    1.0     839753605    3    0  1.0000836
 135 1791561094.099062  1558.6   1806906066 1    30     9.2743     196.76    1.0    1807033830    3    0  1.0000707
 136 1791561095.641891  1087.7   1252026139 0    30     9.2090     198.16    1.0    1252123015    6    0  1.0000774
 137 1791561096.735777   974.0   1115074636 0    30     9.1586     199.24    1.0    1115202900    3    0  1.0001150
 138 1791561097.718607   978.4   1135416087 1    31     9.2837     196.57    1.0    1135479235    1    0  1.0000556
 139 1791561098.696944   859.5    956913433 0    31     8.9064     204.86    0.9     957115705    6    0  1.0002114
 140 1791561099.489458   800.7    923221668 0    31     9.2244     197.83    1.0     923288820    2    0  1.0000727
 141 1791561100.357211   677.5    759903306 0    31     8.9729     203.36    0.9     759995410    4    0  1.0001212
 142 1791561101.034731  1149.5   1329720919 1    32     9.2541     197.20    1.0    1329789175    2    0  1.0000513
 143 1791561102.184346   586.0    675654809 0    32     9.2232     197.85    1.0     675725525    3    0  1.0001047
 144 1791561102.770499   604.4    702899850 0    32     9.3035     196.14    1.0     702967810    2    0  1.0000967
 145 1791561103.321768   891.7   1025479592 0    32     9.2004     198.35    1.0    1025545760    2    0  1.0000645
 146 1791561104.264580   789.5    908581160 0    32     9.2062     198.22    1.0     908645020    1    0  1.0000703
 147 1791561105.055836   778.9    881037053 1    33     9.0496     201.65    1.0     881103725    2    0  1.0000757
 148 1791561105.833643   989.3   1151390948 0    33     9.3103     196.01    1.0    1151453240    1    0  1.0000541
 149 1791561106.823987   559.8    637512889 0    33     9.1099     200.30    1.0     637600545    4    0  1.0001375
 150 1791561107.384238   549.2    632210734 0    33     9.2084     198.19    1.0     632211830    0    0  1.0000017
 151 1791561107.934421   978.3   1130855396 0    33     9.2478     197.32    1.0    1130988420    4    0  1.0001176
 152 1791561108.911244   761.2    846511073 1    34     8.8965     205.11    0.9     846599545    4    0  1.0001045
 153 1791561109.671480   813.7    925905868 0    34     9.1028     200.46    1.0     926035080    3    0  1.0001396
 154 1791561110.484221  1512.8   1745356202 0    34     9.2301     197.72    1.0    1745404310    4    0  1.0000276
 155 1791561111.998812   584.2    670440157 0    34     9.1808     198.78    1.0     670456385    2    0  1.0000242
 156 1791561112.583297   551.6    625539150 0    34     9.0724     201.13    1.0     625611170    3    0  1.0001151
 157 1791561113.134747   885.1   1032484520 1    35     9.3319     195.55    1.0    1032546460    1    0  1.0000600
 158 1791561114.019855   552.6    648311822 0    35     9.3848     194.46    1.0     648312710    0    0  1.0000014
 159 1791561114.572558   555.4    618928069 0    35     8.9156     204.65    0.9     619062925    4    0  1.0002179
 160 1791561115.128067   841.9    982559125 0    35     9.3370     195.44    1.0     982623365    1    0  1.0000654
 161 1791561115.872232   687.9    760986997 0    35     8.8498     206.18    0.9     761119465    4    0  1.0001741
 162 1791561116.657975   705.8    811916321 1    36     9.2034     198.28    1.0     811978565    1    0  1.0000767
 163 1791561117.363609   549.8    626349401 0    36     9.1131     200.23    1.0     626438845    5    0  1.0001428
 164 1791561117.913487   589.8    679125254 0    36     9.2123     198.10    1.0     679124550    0    0  0.9999990
 165 1791561118.503251   770.3    874150293 0    36     9.0783     201.00    1.0     874285525    4    0  1.0001547
 166 1791561119.273108   722.8    839079461 0    36     9.2875     196.48    1.0     839141865    1    0  1.0000744
 167 1791561119.996068   837.5    958625948 1    37     9.1576     199.26    1.0     958758060    3    0  1.0001378
 168 1791561120.828664  1490.9   1743121854 0    37     9.3536     195.10    1.0    1743182190    1    0  1.0000346
 169 1791561122.324297   563.9    637182161 0    37     9.0397     201.86    1.0     637250145    2    0  1.0001067
 170 1791561122.888481  1054.5   1203674068 0    37     9.1321     199.83    1.0    1203760660    4    0  1.0000719
 171 1791561123.940947   877.6   1013770660 1    38     9.2410     197.48    1.0    1013797140    2    0  1.0000261
 172 1791561124.819581  1044.2   1211209571 0    38     9.2794     196.66    1.0    1211288275    3    0  1.0000650
 173 1791561125.864847   775.8    888674605 0    38     9.1645     199.12    1.0     888742445    2    0  1.0000763
 174 1791561126.640556   994.0   1130798652 0    38     9.1006     200.51    1.0    1130932940    4    0  1.0001188
 175 1791561127.634227   550.7    638343277 1    39     9.2737     196.77    1.0     638406465    1    0  1.0000990
 176 1791561128.184974   715.8    787131842 0    39     8.7977     207.41    0.9     787222950    4    0  1.0001157
 177 1791561128.901241  1726.4   1957936760 0    39     9.0729     201.12    1.0    1958207780    8    0  1.0001384
 178 1791561130.627447  1123.3   1264079100 0    39     9.0027     202.68    1.0    1264284960    7    0  1.0001629
 179 1791561131.751121   712.4    806671473 1    40     9.0583     201.44    1.0     806799945    3    0  1.0001593
 180 1791561132.463066   552.6    625374497 0    40     9.0538     201.56    1.0     625396405    2    0  1.0000350
 181 1791561133.015492   557.7    647458842 0    40     9.2873     196.48    1.0     647519930    1    0  1.0000944
 182 1791561133.573265  1696.8   1942514625 0    40     9.1586     199.25    1.0    1942634105    6    0  1.0000615
 183 1791561135.270336  2062.7   2407669895 1    41     9.3379     195.43    1.0    2407762075    4    0  1.0000383
 184 1791561137.332394   553.2    643481977 0    41     9.3054     196.12    1.0     643481425    0    0  0.9999991
 185 1791561137.885221   891.2   1011767148 0    41     9.0828     200.90    1.0    1011902060    4    0  1.0001333
 186 1791561138.775894   554.0    594253602 0    41     8.5814     212.59    0.9     594463530    8    0  1.0003533
 187 1791561139.331372   550.6    587957198 1    42     8.5429     213.57    0.9     588115450    6    0  1.0002692
 188 1791561139.881117   659.2    745691181 0    42     9.0503     201.63    1.0     745758805    2    0  1.0000907
 189 1791561140.539771   555.4    637319986 0    42     9.1803     198.77    1.0     637387530    2    0  1.0001060
 190 1791561141.094881  1257.2   1413868707 0    42     8.9968     202.82    1.0    1414085195    7    0  1.0001531
 191 1791561142.353863   555.5    612163037 0    42     8.8158     206.97    0.9     612292905    3    0  1.0002121
 192 1791561142.907362  2022.3   2301311928 1    43     9.1038     200.44    1.0    2301576420    7    0  1.0001149
 193 1791561144.688291   953.2   1022459304 0    43     8.5817     212.61    0.9    1022698760    9    0  1.0002342
 194 1791561145.884560   645.9    720475985 0    43     8.9234     204.48    0.9     720605925    3    0  1.0001804
 195 1791561146.530341  1266.0   1403948203 1    44     8.8715     205.67    0.9    1404241875   11    0  1.0002092
 196 1791561147.795697   749.8    850720997 0    44     9.0762     201.06    1.0     850788285    2    0  1.0000791
 197 1791561148.546536   621.4    676905545 0    44     8.7152     209.34    0.9     677100845    4    0  1.0002885
 198 1791561149.156262  1991.0   2254254240 1    45     9.0578     201.46    1.0    2254520620    8    0  1.0001182
 199 1791561151.159153  1434.3   1596630970 0    45     8.9053     204.89    0.9    1596928150   11    0  1.0001861
 200 1791561152.592818   761.0    868916021 0    45     9.1343     199.78    1.0     868981345    2    0  1.0000752
 201 1791561153.353883   924.4   1051512476 0    45     9.1004     200.52    1.0    1051612600    5    0  1.0000952
 202 1791561154.278084  1025.2   1170817539 1    46     9.1365     199.72    1.0    1170952855    4    0  1.0001156
 203 1791561155.296643  3128.8   3451654344 0    46     8.8256     206.74    0.9    3452388720   21    0  1.0002128 ⚠️DT>3s
 204 1791561158.432295  2024.2   2302017195 1    47     9.0979     200.57    1.0    2302243495   10    0  1.0000983
 205 1791561160.455921  1171.2   1285777475 0    47     8.7823     207.76    0.9    1286046115    8    0  1.0002089
 206 1791561161.627831   552.8    644527074 0    47     9.3282     195.64    1.0     644525470    0    0  0.9999975
 207 1791561162.179443   583.5    658294441 1    48     9.0252     202.19    1.0     658367585    3    0  1.0001111
 208 1791561162.763997   782.6    860298721 0    48     8.7944     207.48    0.9     860450565    6    0  1.0001765
 209 1791561163.546152   553.3    646184146 0    48     9.3424     195.34    1.0     646185490    0    0  1.0000021
 210 1791561164.098058   556.1    627817981 0    48     9.0311     202.06    1.0     627884245    2    0  1.0001055
 211 1791561164.655179  1977.1   2167323708 1    49     8.7697     208.05    0.9    2167856480   15    0  1.0002458
 212 1791561166.632968  1785.6   2064589645 0    49     9.2498     197.29    1.0    2064723685    4    0  1.0000649
 213 1791561168.418181   551.4    645147513 0    49     9.3594     194.97    1.0     645215905    2    0  1.0001060
 214 1791561168.969085   737.3    819910021 0    49     8.8959     205.11    0.9     820047985    5    0  1.0001683
 215 1791561169.707537   658.2    763878473 1    50     9.2840     196.56    1.0     763941645    1    0  1.0000827
 216 1791561170.364464   904.2   1004533929 0    50     8.8882     205.29    0.9    1004727765    5    0  1.0001930
 217 1791561171.269618   552.3    640677197 0    50     9.2796     196.67    1.0     640678225    0    0  1.0000016
 218 1791561171.821280  1151.2   1287110627 0    50     8.9446     203.99    0.9    1287379095    8    0  1.0002086
 219 1791561172.973210  1406.3   1563821067 1    51     8.8959     205.11    0.9    1564092895    9    0  1.0001738
 220 1791561174.378382   554.3    642225169 0    51     9.2683     196.90    1.0     642250645    3    0  1.0000397
 221 1791561174.933369   947.2   1027436700 0    51     8.6773     210.26    0.9    1027705100    8    0  1.0002612
 222 1791561175.881184  1041.2   1203529900 0    51     9.2472     197.34    1.0    1203597140    2    0  1.0000559
 223 1791561176.922651   813.9    931163344 1    52     9.1523     199.37    1.0     931292540    3    0  1.0001387
 224 1791561177.735921   553.7    648241246 0    52     9.3658     194.86    1.0     648242630    0    0  1.0000021
 225 1791561178.288809   554.5    599385058 0    52     8.6483     210.97    0.9     599522430    5    0  1.0002292
 226 1791561178.844240   552.2    645016017 0    52     9.3448     195.27    1.0     645084505    2    0  1.0001062
 227 1791561179.396471   553.0    614930114 0    52     8.8962     205.10    0.9     615053910    3    0  1.0002013
 228 1791561179.948617   656.5    735921885 0    52     8.9674     203.49    0.9     736003085    3    0  1.0001103
 229 1791561180.606062  1265.7   1391187759 1    53     8.7928     207.52    0.9    1391439135    9    0  1.0001807
 230 1791561181.870124  1848.9   2107229364 0    53     9.1175     200.14    1.0    2107498620    8    0  1.0001278
 231 1791561183.720841  1436.2   1582170098 0    53     8.8129     207.04    0.9    1582484370    9    0  1.0001986
 232 1791561185.156984  2266.1   2557325103 1    54     9.0283     202.11    1.0    2557658815   13    0  1.0001305
 233 1791561187.422981   903.7   1033376332 0    54     9.1478     199.48    1.0    1033463340    4    0  1.0000842
 234 1791561188.326747   936.3   1078906788 1    55     9.2180     197.97    1.0    1078970080    1    0  1.0000587
 235 1791561189.262389  2682.9   3059790245 0    55     9.1239     200.00    1.0    3060051825    9    0  1.0000855
 236 1791561191.946200  1075.6   1215963779 1    56     9.0441     201.75    1.0    1216173435    8    0  1.0001724
 237 1791561193.020530   551.5    642922478 0    56     9.3265     195.68    1.0     642922390    0    0  0.9999999
 238 1791561193.572808   552.6    640262753 0    56     9.2699     196.85    1.0     640332205    2    0  1.0001085
 239 1791561194.125385  3138.6   3524284787 1    57     8.9832     203.12    1.0    3524848375   18    0  1.0001599 ⚠️DT>3s
 240 1791561197.263713   562.2    646555578 0    57     9.1999     198.36    1.0     646585530    2    0  1.0000463
 241 1791561197.826503   554.7    645353925 0    57     9.3082     196.06    1.0     645354605    0    0  1.0000011
 242 1791561198.381167   857.3    977682705 0    57     9.1238     200.00    1.0     977811205    3    0  1.0001314
 243 1791561199.237758   606.2    695838293 0    57     9.1828     198.72    1.0     695905645    2    0  1.0000968
 244 1791561199.844709   550.1    641853710 0    57     9.3340     195.52    1.0     641853670    0    0  0.9999999
 245 1791561200.394417   552.9    646289393 1    58     9.3516     195.13    1.0     646353245    1    0  1.0000988
 246 1791561200.945706   552.3    636235242 0    58     9.2166     198.00    1.0     636256030    2    0  1.0000327
 247 1791561201.499801   753.7    857210081 0    58     9.0992     200.55    1.0     857275065    1    0  1.0000758
 248 1791561202.251702  3136.8   3574134486 1    59     9.1155     200.18    1.0    3574607950   15    0  1.0001325 ⚠️DT>3s
 249 1791561205.389584   553.5    646525306 0    59     9.3453     195.28    1.0     646524210    0    0  0.9999983
 250 1791561205.942566   965.7   1115830044 0    59     9.2434     197.42    1.0    1115893480    2    0  1.0000569
 251 1791561206.909113   554.2    642247234 0    59     9.2703     196.84    1.0     642317950    3    0  1.0001101
 252 1791561207.463326   754.5    817234832 1    60     8.6655     210.55    0.9     817432980    5    0  1.0002425
 253 1791561208.217802  1462.3   1638577330 0    60     8.9645     203.54    0.9    1638871030    9    0  1.0001792
 254 1791561209.607268  1957.0   2259112512 0    60     9.2350     197.60    1.0    2259251020    5    0  1.0000613
 255 1791561211.635377  1134.6   1277229463 1    61     9.0054     202.63    1.0    1277391235    7    0  1.0001267
 256 1791561212.771694   553.5    645038958 0    61     9.3235     195.72    1.0     645106550    2    0  1.0001048
 257 1791561213.324669  1734.1   1946902961 0    61     8.9818     203.16    0.9    1947168865    7    0  1.0001366
 258 1791561215.059341  1617.5   1865704129 1    62     9.2278     197.76    1.0    1865827885    7    0  1.0000663
 259 1791561216.676373  2517.1   2922338617 0    62     9.2880     196.48    1.0    2922468725    3    0  1.0000445
 260 1791561219.193593   726.8    809887669 1    63     8.9146     204.70    0.9     809956465    2    0  1.0000849
 261 1791561219.922580    87.2            0 0    63     0.0000       0.00    0.0             0    0    0  1.0000000
# ---- 分组 (仅 dW51>0 的区间) ----
# k=0: n=198 rate min=8.5814 med=9.2023 max=9.3895 | sum dW55=608 sum dW23=0 | duty med=1.0%
# k>=1: n=63 rate min=8.5429 med=9.1815 max=9.3850 | sum dW55=271 sum dW23=0 | duty med=1.0%
