# 长流逐段轨迹 (20 s 桶; 桶速率 = sum(dW51*8)/sum(dt) [Gbps])
# 桶起(s) n区间 桶速率Gbps  P均 线占空%  dW55 dW23 区间min 区间max
    0    26     9.1739  199.06   97.0    60    0   8.8794   9.3538
   20    25     9.2329  197.54   97.7    59    0   8.9359   9.3850
   40    25     9.1727  199.05   97.0    70    0   8.8830   9.3602
   60    24     9.1926  198.64   97.2    69    0   8.7690   9.3895
   80    24     9.2128  198.20   97.4    64    0   8.9850   9.3813
  100    22     9.1669  199.31   96.8    66    0   8.9064   9.3035
  120    25     9.1771  199.25   96.9    59    0   8.8498   9.3848
  140    22     9.0981  201.35   95.9    86    0   8.5429   9.3379
  160    17     8.9586  203.25   95.0   107    0   8.5817   9.3424
  180    21     9.0233  201.73   95.7    97    0   8.6483   9.3658
  200    18     9.1027  199.25   96.9    90    0   8.8129   9.3516
  220    12     9.1319  200.14   96.4    52    0   8.6655   9.3453
# 全程: 区间数=261 总时长=236.262 s 加权速率=9.1377 Gbps
# 逐区间速率分布: min=8.5429 p10=8.9064 med=9.1950 p90=9.3265 max=9.3895
