STAT A14_k00 3 164 0 0 0 0 0 20 152 3 3 152 0 0
STAT A14_k08 3 164 0 0 0 0 0 20 152 3 3 152 0 0
STAT A14_k16 3 164 0 0 0 0 0 20 152 3 3 152 0 0
STAT A14_k24 2 100 1 1 1 48 0 19 140 3 2 92 1 0
STAT A14_long 2 100 1 1 1 48 0 19 140 3 2 92 1 0
STAT B200_k00 0 0 3 3 1 64 0 9 64 1 0 0 1 0
STAT B200_k08 0 0 3 3 1 64 0 9 64 1 0 0 1 0
STAT B200_k16 0 0 3 3 1 64 0 9 64 1 0 0 1 0
STAT B200_k24 0 0 3 3 1 64 0 9 64 1 0 0 1 0
STAT B200_x 0 0 3 3 1 64 0 9 64 1 0 0 1 0
STAT B200_y 0 0 3 3 1 64 0 9 64 1 0 0 1 0
STAT C500_k00 0 0 3 3 1 64 0 9 64 1 0 0 1 0
STAT C500_k08 1 64 2 2 1 64 0 17 124 2 1 60 1 0
STAT C500_k16 1 64 2 2 1 64 0 17 124 2 1 60 1 0
STAT C500_k24 1 64 2 2 1 64 0 17 124 2 1 60 1 0
STAT C500_k32 1 64 2 2 1 64 0 17 124 2 1 60 1 0
STAT C120_k00 0 0 3 3 1 64 0 9 64 1 0 0 1 0
STAT C120_k08 1 64 2 2 1 64 0 17 124 2 1 60 1 0
STAT C120_k16 1 64 2 2 1 64 0 17 124 2 1 60 1 0
STAT Bctl 3 210 0 0 0 0 0 26 198 3 3 198 0 0
