tag                PACE       tx_bytes    tx_Mbps     dW53_raw  dW53_wrapok      d/tx   brd_Mbps   dW54     dW61   maxW62
DIAG_NOCOAL           0     6226247680   4150.802   1931279476   6226246772  1.000000   4141.709      0        0        0
P0_R1                 0     6087114752   4058.033   1792146940   6087114236  1.000000   4048.970      0        0        0
P0_R2                 0     6214057984   4142.682   1919089972   6214057268  1.000000   4133.560      0        0        0
P0_R3                 0     6200492032   4133.629   1905523580   6200490876  1.000000   4124.470      0        0        0
P1000_R1     1000000000     6093078528   4062.022   1798110716   6093078012  1.000000   4053.175      0        0        0
P1000_R2     1000000000     5955977216   3970.648   1661009548   5955976844  1.000000   3961.972      0        0        0
P100_R1       100000000     1200357376    800.235   1200356520   1200356520  0.999999    798.445      0        0        0
P100_R2       100000000     1200226304    800.149   1200225120   1200225120  0.999999    798.374      0        0        0
P134_R1       134000000     1608187904   1072.125   1608187080   1608187080  0.999999   1069.757      0        0        0
P134_R2       134000000     1608122368   1072.081   1608121380   1608121380  0.999999   1069.714      0        0        0
P160_R1       160000000     1920335872   1280.224   1920335080   1920335080  1.000000   1277.319      0        0        0
P160_R2       160000000     1920204800   1280.136   1920203680   1920203680  0.999999   1277.298      0        0        0
P50_R1         50000000      600113152    400.075    600112560    600112560  0.999999    399.178      0        0        0
P50_R2         50000000      600113152    400.075    600112560    600112560  0.999999    399.188      0        0        0
