CPU_T 1791569042.642870664
cpu  109305 124 90300 12489394 1119 0 45367 0 0 0
cpu0 8414 0 13576 1572763 130 0 226 0 0 0
cpu1 24755 2 8388 1537966 138 0 22943 0 0 0
cpu2 6282 104 8963 1534059 132 0 20688 0 0 0
cpu3 6434 2 9615 1577734 130 0 1385 0 0 0
cpu4 26144 3 5958 1563134 200 0 27 0 0 0
cpu5 19663 9 6799 1569001 139 0 11 0 0 0
cpu6 5010 0 12189 1577830 109 0 10 0 0 0
cpu7 12600 2 24809 1556903 137 0 74 0 0 0
CPU_T 1791569043.647421354
cpu  109319 124 90388 12489981 1119 0 45479 0 0 0
cpu0 8414 0 13576 1572853 130 0 238 0 0 0
cpu1 24755 2 8388 1538066 138 0 22943 0 0 0
cpu2 6282 104 8963 1534159 132 0 20688 0 0 0
cpu3 6434 2 9615 1577734 130 0 1485 0 0 0
cpu4 26156 3 6042 1563135 200 0 27 0 0 0
cpu5 19664 9 6801 1569098 139 0 11 0 0 0
cpu6 5010 0 12190 1577929 109 0 10 0 0 0
cpu7 12600 2 24809 1557004 137 0 74 0 0 0
CPU_T 1791569044.650352604
cpu  109334 124 90487 12490552 1119 0 45592 0 0 0
cpu0 8414 0 13578 1572939 130 0 250 0 0 0
cpu1 24756 2 8391 1538162 138 0 22943 0 0 0
cpu2 6283 104 8967 1534254 132 0 20688 0 0 0
cpu3 6434 2 9615 1577734 130 0 1585 0 0 0
cpu4 26168 3 6126 1563136 200 0 27 0 0 0
cpu5 19666 9 6806 1569192 139 0 11 0 0 0
cpu6 5010 0 12192 1578028 109 0 10 0 0 0
cpu7 12601 2 24810 1557103 137 0 74 0 0 0
CPU_T 1791569045.653514674
cpu  109348 124 90572 12491141 1119 0 45704 0 0 0
cpu0 8414 0 13578 1573028 130 0 262 0 0 0
cpu1 24756 2 8392 1538261 138 0 22943 0 0 0
cpu2 6283 104 8967 1534354 132 0 20688 0 0 0
cpu3 6434 2 9615 1577734 130 0 1686 0 0 0
cpu4 26181 3 6209 1563137 200 0 27 0 0 0
cpu5 19666 9 6807 1569291 139 0 11 0 0 0
cpu6 5011 0 12192 1578127 109 0 10 0 0 0
cpu7 12601 2 24810 1557203 137 0 74 0 0 0
CPU_T 1791569046.656487761
cpu  109365 124 90671 12491713 1119 0 45815 0 0 0
cpu0 8415 0 13580 1573116 130 0 273 0 0 0
cpu1 24756 2 8394 1538359 138 0 22943 0 0 0
cpu2 6284 104 8969 1534451 132 0 20688 0 0 0
cpu3 6434 2 9615 1577734 130 0 1786 0 0 0
cpu4 26194 3 6293 1563139 200 0 27 0 0 0
cpu5 19668 9 6813 1569383 139 0 11 0 0 0
cpu6 5011 0 12194 1578225 109 0 10 0 0 0
cpu7 12601 2 24810 1557303 137 0 74 0 0 0
CPU_T 1791569047.659377935
cpu  109382 124 90766 12492288 1119 0 45926 0 0 0
cpu0 8415 0 13581 1573204 130 0 284 0 0 0
cpu1 24756 2 8395 1538457 138 0 22943 0 0 0
cpu2 6285 104 8972 1534547 132 0 20688 0 0 0
cpu3 6434 2 9615 1577734 130 0 1886 0 0 0
cpu4 26206 3 6376 1563140 200 0 27 0 0 0
cpu5 19669 9 6817 1569479 139 0 11 0 0 0
cpu6 5012 0 12196 1578323 109 0 10 0 0 0
cpu7 12601 2 24811 1557401 137 0 74 0 0 0
CPU_T 1791569048.662288821
cpu  109395 124 90852 12492875 1119 0 46038 0 0 0
cpu0 8415 0 13581 1573293 130 0 295 0 0 0
cpu1 24756 2 8395 1538557 138 0 22943 0 0 0
cpu2 6285 104 8972 1534647 132 0 20688 0 0 0
cpu3 6434 2 9615 1577734 130 0 1986 0 0 0
cpu4 26218 3 6459 1563141 200 0 27 0 0 0
cpu5 19671 9 6820 1569575 139 0 11 0 0 0
cpu6 5012 0 12196 1578423 109 0 10 0 0 0
cpu7 12602 2 24811 1557501 137 0 74 0 0 0
CPU_T 1791569049.665329141
cpu  109411 124 90951 12493447 1119 0 46149 0 0 0
cpu0 8416 0 13582 1573380 130 0 306 0 0 0
cpu1 24757 2 8397 1538654 138 0 22943 0 0 0
cpu2 6286 104 8975 1534743 132 0 20688 0 0 0
cpu3 6434 2 9615 1577734 130 0 2086 0 0 0
cpu4 26228 3 6544 1563143 200 0 27 0 0 0
cpu5 19672 9 6826 1569667 139 0 11 0 0 0
cpu6 5013 0 12198 1578521 109 0 10 0 0 0
cpu7 12602 2 24811 1557601 137 0 74 0 0 0
CPU_T 1791569050.668336936
cpu  109428 124 91048 12494020 1119 0 46261 0 0 0
cpu0 8417 0 13584 1573467 130 0 318 0 0 0
cpu1 24759 2 8398 1538751 138 0 22943 0 0 0
cpu2 6288 104 8977 1534840 132 0 20688 0 0 0
cpu3 6434 2 9615 1577735 130 0 2187 0 0 0
cpu4 26239 3 6630 1563144 200 0 27 0 0 0
cpu5 19673 9 6830 1569763 139 0 11 0 0 0
cpu6 5013 0 12200 1578618 109 0 10 0 0 0
cpu7 12602 2 24811 1557700 137 0 74 0 0 0
CPU_T 1791569051.671536980
cpu  109442 124 91134 12494607 1119 0 46372 0 0 0
cpu0 8417 0 13584 1573556 130 0 328 0 0 0
cpu1 24760 2 8398 1538850 138 0 22943 0 0 0
cpu2 6288 104 8978 1534939 132 0 20688 0 0 0
cpu3 6434 2 9615 1577735 130 0 2287 0 0 0
cpu4 26251 3 6712 1563145 200 0 27 0 0 0
cpu5 19674 9 6832 1569860 139 0 11 0 0 0
cpu6 5014 0 12200 1578718 109 0 10 0 0 0
cpu7 12603 2 24811 1557799 137 0 74 0 0 0
CPU_T 1791569052.674677978
cpu  109461 124 91232 12495179 1119 0 46481 0 0 0
cpu0 8417 0 13585 1573644 130 0 337 0 0 0
cpu1 24761 2 8400 1538947 138 0 22943 0 0 0
cpu2 6289 104 8980 1535035 132 0 20688 0 0 0
cpu3 6434 2 9616 1577735 130 0 2387 0 0 0
cpu4 26264 3 6796 1563147 200 0 27 0 0 0
cpu5 19676 9 6837 1569954 139 0 11 0 0 0
cpu6 5014 0 12202 1578815 109 0 10 0 0 0
cpu7 12603 2 24812 1557898 137 0 74 0 0 0
CPU_T 1791569053.677637079
cpu  109474 124 91320 12495764 1119 0 46593 0 0 0
cpu0 8417 0 13586 1573733 130 0 349 0 0 0
cpu1 24761 2 8401 1539046 138 0 22943 0 0 0
cpu2 6290 104 8980 1535134 132 0 20688 0 0 0
cpu3 6434 2 9616 1577735 130 0 2487 0 0 0
cpu4 26275 3 6880 1563148 200 0 27 0 0 0
cpu5 19676 9 6838 1570053 139 0 11 0 0 0
cpu6 5015 0 12204 1578914 109 0 10 0 0 0
cpu7 12603 2 24813 1557998 137 0 74 0 0 0
CPU_T 1791569054.681425306
cpu  109491 124 91414 12496340 1119 0 46703 0 0 0
cpu0 8418 0 13587 1573820 130 0 358 0 0 0
cpu1 24761 2 8402 1539144 138 0 22943 0 0 0
cpu2 6290 104 8982 1535233 132 0 20688 0 0 0
cpu3 6434 2 9616 1577735 130 0 2588 0 0 0
cpu4 26288 3 6963 1563149 200 0 27 0 0 0
cpu5 19678 9 6841 1570147 139 0 11 0 0 0
cpu6 5015 0 12206 1579011 109 0 10 0 0 0
cpu7 12603 2 24813 1558097 137 0 74 0 0 0
CPU_T 1791569055.684691857
cpu  109508 124 91511 12496911 1119 0 46812 0 0 0
cpu0 8419 0 13590 1573905 130 0 367 0 0 0
cpu1 24762 2 8406 1539239 138 0 22943 0 0 0
cpu2 6291 104 8984 1535330 132 0 20688 0 0 0
cpu3 6434 2 9616 1577735 130 0 2688 0 0 0
cpu4 26299 3 7046 1563151 200 0 27 0 0 0
cpu5 19679 9 6843 1570244 139 0 11 0 0 0
cpu6 5016 0 12209 1579108 109 0 10 0 0 0
cpu7 12604 2 24814 1558196 137 0 74 0 0 0
CPU_T 1791569056.687832570
cpu  109521 124 91596 12497501 1119 0 46923 0 0 0
cpu0 8419 0 13590 1573995 130 0 378 0 0 0
cpu1 24762 2 8407 1539339 138 0 22943 0 0 0
cpu2 6291 104 8985 1535429 132 0 20688 0 0 0
cpu3 6434 2 9616 1577735 130 0 2788 0 0 0
cpu4 26312 3 7130 1563152 200 0 27 0 0 0
cpu5 19679 9 6843 1570344 139 0 11 0 0 0
cpu6 5016 0 12209 1579208 109 0 10 0 0 0
cpu7 12604 2 24814 1558296 137 0 74 0 0 0
CPU_T 1791569057.690976350
cpu  109538 124 91693 12498072 1119 0 47034 0 0 0
cpu0 8420 0 13592 1574082 130 0 389 0 0 0
cpu1 24764 2 8410 1539433 138 0 22943 0 0 0
cpu2 6293 104 8987 1535525 132 0 20688 0 0 0
cpu3 6434 2 9616 1577735 130 0 2889 0 0 0
cpu4 26323 3 7212 1563153 200 0 27 0 0 0
cpu5 19680 9 6846 1570441 139 0 11 0 0 0
cpu6 5017 0 12211 1579305 109 0 10 0 0 0
cpu7 12605 2 24815 1558394 137 0 74 0 0 0
CPU_T 1791569058.694088845
cpu  109554 124 91795 12498641 1119 0 47146 0 0 0
cpu0 8421 0 13594 1574168 130 0 401 0 0 0
cpu1 24766 2 8414 1539528 138 0 22943 0 0 0
cpu2 6293 104 8990 1535622 132 0 20688 0 0 0
cpu3 6434 2 9616 1577735 130 0 2989 0 0 0
cpu4 26333 3 7297 1563155 200 0 27 0 0 0
cpu5 19681 9 6848 1570537 139 0 11 0 0 0
cpu6 5018 0 12215 1579401 109 0 10 0 0 0
cpu7 12605 2 24817 1558492 137 0 74 0 0 0
CPU_T 1791569059.697117046
cpu  109566 124 91881 12499231 1119 0 47258 0 0 0
cpu0 8421 0 13594 1574257 130 0 412 0 0 0
cpu1 24766 2 8414 1539628 138 0 22943 0 0 0
cpu2 6293 104 8990 1535722 132 0 20688 0 0 0
cpu3 6434 2 9616 1577735 130 0 3089 0 0 0
cpu4 26344 3 7382 1563157 200 0 27 0 0 0
cpu5 19681 9 6850 1570636 139 0 11 0 0 0
cpu6 5018 0 12215 1579501 109 0 10 0 0 0
cpu7 12605 2 24817 1558592 137 0 74 0 0 0
CPU_T 1791569060.700316414
cpu  109583 124 91977 12499803 1119 0 47368 0 0 0
cpu0 8422 0 13595 1574344 130 0 421 0 0 0
cpu1 24767 2 8419 1539722 138 0 22943 0 0 0
cpu2 6294 104 8992 1535820 132 0 20688 0 0 0
cpu3 6434 2 9616 1577735 130 0 3189 0 0 0
cpu4 26356 3 7464 1563158 200 0 27 0 0 0
cpu5 19682 9 6853 1570733 139 0 11 0 0 0
cpu6 5020 0 12217 1579597 109 0 10 0 0 0
cpu7 12605 2 24818 1558691 137 0 74 0 0 0
CPU_T 1791569061.703309097
cpu  109600 124 92075 12500375 1119 0 47478 0 0 0
cpu0 8422 0 13596 1574431 130 0 432 0 0 0
cpu1 24769 2 8423 1539817 138 0 22943 0 0 0
cpu2 6295 104 8995 1535916 132 0 20688 0 0 0
cpu3 6434 2 9616 1577735 130 0 3290 0 0 0
cpu4 26368 3 7548 1563160 200 0 27 0 0 0
cpu5 19683 9 6855 1570829 139 0 11 0 0 0
cpu6 5020 0 12220 1579694 109 0 10 0 0 0
cpu7 12606 2 24819 1558790 137 0 74 0 0 0
CPU_T 1791569062.706301595
cpu  109613 124 92158 12500964 1119 0 47589 0 0 0
cpu0 8422 0 13596 1574520 130 0 442 0 0 0
cpu1 24769 2 8423 1539917 138 0 22943 0 0 0
cpu2 6295 104 8995 1536016 132 0 20688 0 0 0
cpu3 6434 2 9616 1577735 130 0 3390 0 0 0
cpu4 26381 3 7630 1563161 200 0 27 0 0 0
cpu5 19683 9 6855 1570929 139 0 11 0 0 0
cpu6 5021 0 12221 1579793 109 0 10 0 0 0
cpu7 12606 2 24819 1558890 137 0 74 0 0 0
CPU_T 1791569063.709459791
cpu  109631 124 92256 12501536 1119 0 47699 0 0 0
cpu0 8423 0 13598 1574607 130 0 452 0 0 0
cpu1 24770 2 8427 1540012 138 0 22943 0 0 0
cpu2 6296 104 8997 1536114 132 0 20688 0 0 0
cpu3 6434 2 9616 1577735 130 0 3490 0 0 0
cpu4 26394 3 7713 1563162 200 0 27 0 0 0
cpu5 19684 9 6858 1571026 139 0 11 0 0 0
cpu6 5021 0 12224 1579889 109 0 10 0 0 0
cpu7 12607 2 24820 1558988 137 0 74 0 0 0
CPU_T 1791569064.712734301
cpu  109645 124 92343 12502121 1119 0 47809 0 0 0
cpu0 8424 0 13601 1574692 130 0 462 0 0 0
cpu1 24770 2 8427 1540112 138 0 22943 0 0 0
cpu2 6296 104 8998 1536213 132 0 20688 0 0 0
cpu3 6434 2 9616 1577735 130 0 3591 0 0 0
cpu4 26406 3 7795 1563163 200 0 27 0 0 0
cpu5 19684 9 6858 1571126 139 0 11 0 0 0
cpu6 5021 0 12226 1579988 109 0 10 0 0 0
cpu7 12607 2 24820 1559089 137 0 74 0 0 0
CPU_T 1791569065.715747632
cpu  109663 124 92437 12502696 1119 0 47921 0 0 0
cpu0 8425 0 13603 1574779 130 0 473 0 0 0
cpu1 24771 2 8429 1540209 138 0 22943 0 0 0
cpu2 6297 104 9000 1536310 132 0 20688 0 0 0
cpu3 6434 2 9616 1577735 130 0 3691 0 0 0
cpu4 26420 3 7877 1563165 200 0 27 0 0 0
cpu5 19685 9 6861 1571222 139 0 11 0 0 0
cpu6 5022 0 12229 1580085 109 0 10 0 0 0
cpu7 12607 2 24820 1559188 137 0 74 0 0 0
CPU_T 1791569066.718697937
cpu  109679 124 92536 12503268 1119 0 48033 0 0 0
cpu0 8425 0 13604 1574866 130 0 485 0 0 0
cpu1 24772 2 8431 1540307 138 0 22943 0 0 0
cpu2 6298 104 9005 1536404 132 0 20688 0 0 0
cpu3 6434 2 9616 1577735 130 0 3791 0 0 0
cpu4 26431 3 7961 1563166 200 0 27 0 0 0
cpu5 19686 9 6864 1571318 139 0 11 0 0 0
cpu6 5023 0 12231 1580182 109 0 10 0 0 0
cpu7 12608 2 24821 1559287 137 0 74 0 0 0
CPU_T 1791569067.721965153
cpu  109692 124 92624 12503855 1119 0 48144 0 0 0
cpu0 8425 0 13604 1574956 130 0 496 0 0 0
cpu1 24772 2 8431 1540407 138 0 22943 0 0 0
cpu2 6299 104 9007 1536501 132 0 20688 0 0 0
cpu3 6434 2 9616 1577735 130 0 3892 0 0 0
cpu4 26443 3 8044 1563167 200 0 27 0 0 0
cpu5 19686 9 6865 1571418 139 0 11 0 0 0
cpu6 5023 0 12232 1580280 109 0 10 0 0 0
cpu7 12608 2 24821 1559387 137 0 74 0 0 0
CPU_T 1791569068.725286855
cpu  109710 124 92720 12504428 1119 0 48254 0 0 0
cpu0 8428 0 13606 1575040 130 0 505 0 0 0
cpu1 24772 2 8433 1540503 138 0 22943 0 0 0
cpu2 6299 104 9009 1536600 132 0 20688 0 0 0
cpu3 6434 2 9616 1577735 130 0 3992 0 0 0
cpu4 26455 3 8128 1563168 200 0 27 0 0 0
cpu5 19686 9 6868 1571515 139 0 11 0 0 0
cpu6 5024 0 12235 1580377 109 0 10 0 0 0
cpu7 12608 2 24822 1559486 137 0 74 0 0 0
CPU_T 1791569069.728318829
cpu  109726 124 92818 12505000 1119 0 48365 0 0 0
cpu0 8428 0 13607 1575127 130 0 516 0 0 0
cpu1 24773 2 8435 1540601 138 0 22943 0 0 0
cpu2 6301 104 9015 1536692 132 0 20688 0 0 0
cpu3 6434 2 9616 1577735 130 0 4092 0 0 0
cpu4 26467 3 8212 1563170 200 0 27 0 0 0
cpu5 19687 9 6871 1571611 139 0 11 0 0 0
cpu6 5025 0 12236 1580475 109 0 10 0 0 0
cpu7 12608 2 24822 1559585 137 0 74 0 0 0
CPU_T 1791569070.731572054
cpu  109741 124 92906 12505586 1119 0 48478 0 0 0
cpu0 8428 0 13607 1575217 130 0 529 0 0 0
cpu1 24773 2 8435 1540700 138 0 22943 0 0 0
cpu2 6301 104 9018 1536789 132 0 20688 0 0 0
cpu3 6434 2 9616 1577735 130 0 4192 0 0 0
cpu4 26480 3 8296 1563171 200 0 27 0 0 0
cpu5 19687 9 6871 1571711 139 0 11 0 0 0
cpu6 5026 0 12237 1580574 109 0 10 0 0 0
cpu7 12609 2 24822 1559685 137 0 74 0 0 0
CPU_T 1791569071.734902483
cpu  109758 124 93002 12506161 1119 0 48590 0 0 0
cpu0 8429 0 13609 1575304 130 0 540 0 0 0
cpu1 24773 2 8437 1540798 138 0 22943 0 0 0
cpu2 6302 104 9019 1536887 132 0 20688 0 0 0
cpu3 6434 2 9616 1577735 130 0 4292 0 0 0
cpu4 26492 3 8380 1563172 200 0 27 0 0 0
cpu5 19688 9 6874 1571808 139 0 11 0 0 0
cpu6 5026 0 12240 1580670 109 0 10 0 0 0
cpu7 12610 2 24823 1559783 137 0 74 0 0 0
