CPU_T 1791569218.852929713
cpu  113076 124 97134 12610432 1128 0 54131 0 0 0
cpu0 8449 0 13635 1584563 132 0 5798 0 0 0
cpu1 24844 2 8611 1555218 140 0 22943 0 0 0
cpu2 6400 104 9234 1551048 133 0 20879 0 0 0
cpu3 6490 2 9663 1592240 130 0 4383 0 0 0
cpu4 26539 3 8548 1577644 201 0 28 0 0 0
cpu5 19734 9 6983 1586345 141 0 11 0 0 0
cpu6 5133 0 12456 1595046 110 0 10 0 0 0
cpu7 15482 2 28001 1568325 138 0 75 0 0 0
CPU_T 1791569219.855993906
cpu  113161 124 97153 12611050 1128 0 54210 0 0 0
cpu0 8449 0 13635 1584584 132 0 5875 0 0 0
cpu1 24844 2 8612 1555315 140 0 22946 0 0 0
cpu2 6400 104 9234 1551148 133 0 20879 0 0 0
cpu3 6490 2 9663 1592340 130 0 4383 0 0 0
cpu4 26541 3 8548 1577742 201 0 28 0 0 0
cpu5 19734 9 6983 1586445 141 0 11 0 0 0
cpu6 5133 0 12456 1595147 110 0 10 0 0 0
cpu7 15566 2 28019 1568325 138 0 75 0 0 0
CPU_T 1791569220.860037364
cpu  113247 124 97192 12611644 1128 0 54288 0 0 0
cpu0 8449 0 13635 1584606 132 0 5950 0 0 0
cpu1 24846 2 8617 1555405 140 0 22948 0 0 0
cpu2 6401 104 9236 1551244 133 0 20879 0 0 0
cpu3 6490 2 9664 1592440 130 0 4383 0 0 0
cpu4 26542 3 8553 1577837 201 0 28 0 0 0
cpu5 19735 9 6986 1586542 141 0 11 0 0 0
cpu6 5134 0 12459 1595243 110 0 10 0 0 0
cpu7 15645 2 28039 1568325 138 0 75 0 0 0
CPU_T 1791569221.863109635
cpu  113330 124 97215 12612260 1128 0 54365 0 0 0
cpu0 8449 0 13635 1584628 132 0 6026 0 0 0
cpu1 24847 2 8619 1555499 140 0 22949 0 0 0
cpu2 6401 104 9237 1551343 133 0 20879 0 0 0
cpu3 6490 2 9664 1592540 130 0 4383 0 0 0
cpu4 26542 3 8553 1577937 201 0 28 0 0 0
cpu5 19736 9 6986 1586642 141 0 11 0 0 0
cpu6 5134 0 12459 1595343 110 0 10 0 0 0
cpu7 15727 2 28058 1568325 138 0 75 0 0 0
CPU_T 1791569222.865994714
cpu  113419 124 97249 12612856 1128 0 54437 0 0 0
cpu0 8450 0 13636 1584649 132 0 6096 0 0 0
cpu1 24848 2 8623 1555591 140 0 22952 0 0 0
cpu2 6402 104 9240 1551439 133 0 20879 0 0 0
cpu3 6490 2 9664 1592639 130 0 4383 0 0 0
cpu4 26544 3 8557 1578031 201 0 28 0 0 0
cpu5 19736 9 6988 1586739 141 0 11 0 0 0
cpu6 5135 0 12462 1595439 111 0 10 0 0 0
cpu7 15809 2 28075 1568325 138 0 75 0 0 0
CPU_T 1791569223.868896709
cpu  113505 124 97290 12613449 1128 0 54516 0 0 0
cpu0 8450 0 13636 1584670 132 0 6174 0 0 0
cpu1 24850 2 8629 1555681 140 0 22953 0 0 0
cpu2 6404 104 9244 1551535 133 0 20879 0 0 0
cpu3 6490 2 9664 1592739 130 0 4383 0 0 0
cpu4 26545 3 8561 1578126 201 0 28 0 0 0
cpu5 19737 9 6991 1586836 141 0 11 0 0 0
cpu6 5137 0 12466 1595535 111 0 10 0 0 0
cpu7 15888 2 28097 1568325 138 0 75 0 0 0
CPU_T 1791569224.871844512
cpu  113589 124 97311 12614064 1128 0 54594 0 0 0
cpu0 8450 0 13636 1584692 132 0 6249 0 0 0
cpu1 24851 2 8631 1555775 140 0 22955 0 0 0
cpu2 6404 104 9244 1551635 133 0 20879 0 0 0
cpu3 6490 2 9665 1592839 130 0 4383 0 0 0
cpu4 26545 3 8561 1578225 201 0 28 0 0 0
cpu5 19737 9 6991 1586936 141 0 11 0 0 0
cpu6 5137 0 12467 1595634 111 0 10 0 0 0
cpu7 15972 2 28114 1568325 138 0 75 0 0 0
CPU_T 1791569225.874664872
cpu  113676 124 97347 12614660 1128 0 54677 0 0 0
cpu0 8450 0 13637 1584713 132 0 6329 0 0 0
cpu1 24852 2 8635 1555868 140 0 22959 0 0 0
cpu2 6405 104 9248 1551730 133 0 20879 0 0 0
cpu3 6490 2 9665 1592939 130 0 4383 0 0 0
cpu4 26547 3 8565 1578320 201 0 28 0 0 0
cpu5 19737 9 6993 1587033 141 0 11 0 0 0
cpu6 5138 0 12469 1595730 111 0 10 0 0 0
cpu7 16053 2 28132 1568325 138 0 76 0 0 0
CPU_T 1791569226.877732255
cpu  113760 124 97371 12615276 1128 0 54758 0 0 0
cpu0 8450 0 13638 1584734 132 0 6407 0 0 0
cpu1 24853 2 8638 1555962 140 0 22961 0 0 0
cpu2 6405 104 9248 1551830 133 0 20879 0 0 0
cpu3 6491 2 9665 1593039 130 0 4383 0 0 0
cpu4 26547 3 8566 1578420 201 0 28 0 0 0
cpu5 19737 9 6993 1587133 141 0 11 0 0 0
cpu6 5138 0 12469 1595830 111 0 10 0 0 0
cpu7 16135 2 28150 1568325 138 0 76 0 0 0
CPU_T 1791569227.885130907
cpu  113847 124 97411 12615874 1128 0 54842 0 0 0
cpu0 8450 0 13639 1584755 132 0 6489 0 0 0
cpu1 24855 2 8644 1556052 140 0 22963 0 0 0
cpu2 6406 104 9252 1551926 133 0 20879 0 0 0
cpu3 6491 2 9665 1593139 130 0 4383 0 0 0
cpu4 26548 3 8569 1578515 201 0 28 0 0 0
cpu5 19738 9 6995 1587231 141 0 11 0 0 0
cpu6 5139 0 12471 1595928 111 0 10 0 0 0
cpu7 16216 2 28171 1568325 138 0 76 0 0 0
CPU_T 1791569228.894264607
cpu  113935 124 97446 12616470 1129 0 54916 0 0 0
cpu0 8450 0 13640 1584775 132 0 6562 0 0 0
cpu1 24857 2 8647 1556144 140 0 22964 0 0 0
cpu2 6407 104 9255 1552022 133 0 20879 0 0 0
cpu3 6491 2 9667 1593238 130 0 4383 0 0 0
cpu4 26549 3 8573 1578610 201 0 28 0 0 0
cpu5 19739 9 6997 1587328 141 0 11 0 0 0
cpu6 5140 0 12474 1596024 111 0 10 0 0 0
cpu7 16298 2 28190 1568325 138 0 76 0 0 0
CPU_T 1791569229.897223137
cpu  114022 124 97464 12617085 1129 0 54983 0 0 0
cpu0 8450 0 13640 1584796 132 0 6629 0 0 0
cpu1 24858 2 8650 1556238 140 0 22965 0 0 0
cpu2 6407 104 9255 1552123 133 0 20879 0 0 0
cpu3 6491 2 9667 1593338 130 0 4383 0 0 0
cpu4 26550 3 8573 1578710 201 0 28 0 0 0
cpu5 19739 9 6997 1587428 141 0 11 0 0 0
cpu6 5140 0 12474 1596124 111 0 10 0 0 0
cpu7 16383 2 28205 1568325 138 0 76 0 0 0
CPU_T 1791569230.900166231
cpu  114110 124 97500 12617681 1129 0 55062 0 0 0
cpu0 8451 0 13641 1584817 132 0 6705 0 0 0
cpu1 24860 2 8655 1556329 140 0 22967 0 0 0
cpu2 6409 104 9257 1552219 133 0 20879 0 0 0
cpu3 6492 2 9667 1593437 130 0 4383 0 0 0
cpu4 26551 3 8577 1578804 201 0 28 0 0 0
cpu5 19740 9 6999 1587525 141 0 11 0 0 0
cpu6 5142 0 12476 1596220 111 0 10 0 0 0
cpu7 16463 2 28225 1568325 138 0 76 0 0 0
CPU_T 1791569231.902924288
cpu  114195 124 97521 12618296 1129 0 55137 0 0 0
cpu0 8451 0 13641 1584839 132 0 6779 0 0 0
cpu1 24862 2 8657 1556424 140 0 22968 0 0 0
cpu2 6409 104 9257 1552319 133 0 20879 0 0 0
cpu3 6492 2 9667 1593538 130 0 4383 0 0 0
cpu4 26551 3 8578 1578904 201 0 28 0 0 0
cpu5 19740 9 7000 1587624 141 0 11 0 0 0
cpu6 5142 0 12477 1596320 111 0 10 0 0 0
cpu7 16546 2 28242 1568325 138 0 76 0 0 0
CPU_T 1791569232.906247098
cpu  114287 124 97556 12618889 1129 0 55215 0 0 0
cpu0 8451 0 13642 1584860 132 0 6855 0 0 0
cpu1 24864 2 8663 1556513 140 0 22970 0 0 0
cpu2 6410 104 9260 1552415 133 0 20879 0 0 0
cpu3 6492 2 9667 1593638 130 0 4383 0 0 0
cpu4 26553 3 8581 1578999 201 0 28 0 0 0
cpu5 19741 9 7002 1587721 141 0 11 0 0 0
cpu6 5143 0 12479 1596415 111 0 10 0 0 0
cpu7 16631 2 28258 1568325 138 0 76 0 0 0
CPU_T 1791569233.908989504
cpu  114377 124 97589 12619486 1129 0 55299 0 0 0
cpu0 8451 0 13642 1584881 132 0 6935 0 0 0
cpu1 24864 2 8668 1556605 140 0 22974 0 0 0
cpu2 6411 104 9263 1552510 133 0 20879 0 0 0
cpu3 6492 2 9667 1593738 130 0 4383 0 0 0
cpu4 26555 3 8584 1579094 201 0 28 0 0 0
cpu5 19742 9 7005 1587818 141 0 11 0 0 0
cpu6 5145 0 12482 1596511 111 0 10 0 0 0
cpu7 16714 2 28275 1568325 138 0 76 0 0 0
CPU_T 1791569234.911947134
cpu  114462 124 97609 12620101 1129 0 55378 0 0 0
cpu0 8451 0 13642 1584903 132 0 7012 0 0 0
cpu1 24865 2 8671 1556699 140 0 22976 0 0 0
cpu2 6411 104 9263 1552611 133 0 20879 0 0 0
cpu3 6492 2 9667 1593838 130 0 4383 0 0 0
cpu4 26555 3 8584 1579193 201 0 28 0 0 0
cpu5 19742 9 7005 1587918 141 0 11 0 0 0
cpu6 5145 0 12482 1596611 111 0 10 0 0 0
cpu7 16798 2 28292 1568325 138 0 76 0 0 0
CPU_T 1791569235.914736824
cpu  114548 124 97648 12620694 1129 0 55460 0 0 0
cpu0 8451 0 13643 1584923 132 0 7092 0 0 0
cpu1 24867 2 8677 1556787 140 0 22979 0 0 0
cpu2 6413 104 9266 1552706 133 0 20879 0 0 0
cpu3 6492 2 9667 1593938 130 0 4383 0 0 0
cpu4 26556 3 8589 1579287 201 0 28 0 0 0
cpu5 19743 9 7007 1588015 141 0 11 0 0 0
cpu6 5145 0 12484 1596709 111 0 10 0 0 0
cpu7 16878 2 28312 1568325 138 0 76 0 0 0
CPU_T 1791569236.917564935
cpu  114632 124 97669 12621310 1129 0 55536 0 0 0
cpu0 8451 0 13643 1584945 132 0 7165 0 0 0
cpu1 24868 2 8679 1556883 140 0 22981 0 0 0
cpu2 6413 104 9267 1552806 133 0 20879 0 0 0
cpu3 6492 2 9667 1594037 130 0 4383 0 0 0
cpu4 26556 3 8589 1579386 201 0 28 0 0 0
cpu5 19743 9 7008 1588115 141 0 11 0 0 0
cpu6 5145 0 12484 1596809 111 0 10 0 0 0
cpu7 16960 2 28330 1568325 138 0 76 0 0 0
CPU_T 1791569237.920709120
cpu  114721 124 97704 12621905 1129 0 55613 0 0 0
cpu0 8451 0 13643 1584966 132 0 7239 0 0 0
cpu1 24870 2 8685 1556973 140 0 22984 0 0 0
cpu2 6414 104 9268 1552903 133 0 20879 0 0 0
cpu3 6493 2 9668 1594136 130 0 4383 0 0 0
cpu4 26557 3 8593 1579482 201 0 28 0 0 0
cpu5 19744 9 7010 1588213 141 0 11 0 0 0
cpu6 5146 0 12486 1596905 111 0 10 0 0 0
cpu7 17042 2 28348 1568325 138 0 76 0 0 0
CPU_T 1791569238.926478530
cpu  114808 124 97745 12622498 1129 0 55694 0 0 0
cpu0 8451 0 13643 1584986 132 0 7318 0 0 0
cpu1 24872 2 8689 1557063 140 0 22986 0 0 0
cpu2 6415 104 9271 1553000 133 0 20879 0 0 0
cpu3 6493 2 9669 1594235 130 0 4383 0 0 0
cpu4 26559 3 8598 1579575 201 0 28 0 0 0
cpu5 19744 9 7013 1588310 141 0 11 0 0 0
cpu6 5148 0 12490 1597000 111 0 10 0 0 0
cpu7 17122 2 28368 1568325 138 0 76 0 0 0
CPU_T 1791569239.929437889
cpu  114891 124 97765 12623117 1129 0 55759 0 0 0
cpu0 8451 0 13643 1585009 132 0 7383 0 0 0
cpu1 24872 2 8689 1557161 140 0 22986 0 0 0
cpu2 6415 104 9271 1553100 133 0 20879 0 0 0
cpu3 6493 2 9669 1594335 130 0 4383 0 0 0
cpu4 26559 3 8598 1579675 201 0 28 0 0 0
cpu5 19744 9 7014 1588409 141 0 11 0 0 0
cpu6 5148 0 12490 1597100 111 0 10 0 0 0
cpu7 17204 2 28387 1568325 138 0 76 0 0 0
CPU_T 1791569240.933363944
cpu  114976 124 97805 12623712 1129 0 55834 0 0 0
cpu0 8451 0 13644 1585030 132 0 7457 0 0 0
cpu1 24874 2 8696 1557250 140 0 22988 0 0 0
cpu2 6417 104 9274 1553196 133 0 20879 0 0 0
cpu3 6494 2 9670 1594435 130 0 4383 0 0 0
cpu4 26560 3 8601 1579770 201 0 28 0 0 0
cpu5 19745 9 7016 1588506 141 0 11 0 0 0
cpu6 5149 0 12493 1597197 111 0 10 0 0 0
cpu7 17284 2 28408 1568325 138 0 76 0 0 0
CPU_T 1791569241.935995184
cpu  115062 124 97834 12624317 1129 0 55916 0 0 0
cpu0 8451 0 13644 1585051 132 0 7536 0 0 0
cpu1 24876 2 8699 1557342 140 0 22990 0 0 0
cpu2 6417 104 9275 1553295 133 0 20879 0 0 0
cpu3 6494 2 9670 1594535 130 0 4383 0 0 0
cpu4 26560 3 8603 1579867 201 0 28 0 0 0
cpu5 19745 9 7017 1588605 141 0 11 0 0 0
cpu6 5150 0 12495 1597294 111 0 10 0 0 0
cpu7 17365 2 28427 1568325 138 0 76 0 0 0
CPU_T 1791569242.939217102
cpu  115147 124 97863 12624923 1129 0 55970 0 0 0
cpu0 8451 0 13645 1585072 132 0 7588 0 0 0
cpu1 24877 2 8703 1557436 140 0 22992 0 0 0
cpu2 6418 104 9276 1553393 133 0 20879 0 0 0
cpu3 6494 2 9670 1594635 130 0 4383 0 0 0
cpu4 26561 3 8605 1579965 201 0 28 0 0 0
cpu5 19746 9 7018 1588703 141 0 11 0 0 0
cpu6 5150 0 12497 1597391 111 0 10 0 0 0
cpu7 17447 2 28445 1568325 138 0 76 0 0 0
CPU_T 1791569243.942252169
cpu  115235 124 97901 12625516 1129 0 56038 0 0 0
cpu0 8452 0 13646 1585092 132 0 7654 0 0 0
cpu1 24879 2 8710 1557524 140 0 22994 0 0 0
cpu2 6419 104 9280 1553487 133 0 20879 0 0 0
cpu3 6494 2 9670 1594734 130 0 4383 0 0 0
cpu4 26562 3 8609 1580060 201 0 28 0 0 0
cpu5 19746 9 7020 1588801 141 0 11 0 0 0
cpu6 5151 0 12500 1597489 111 0 10 0 0 0
cpu7 17528 2 28464 1568325 138 0 76 0 0 0
CPU_T 1791569244.949364091
cpu  115318 124 97923 12626134 1129 0 56118 0 0 0
cpu0 8452 0 13646 1585114 132 0 7732 0 0 0
cpu1 24880 2 8713 1557618 140 0 22997 0 0 0
cpu2 6419 104 9280 1553588 133 0 20879 0 0 0
cpu3 6494 2 9670 1594835 130 0 4383 0 0 0
cpu4 26563 3 8609 1580160 201 0 28 0 0 0
cpu5 19746 9 7020 1588902 141 0 11 0 0 0
cpu6 5151 0 12500 1597589 111 0 10 0 0 0
cpu7 17611 2 28482 1568325 138 0 76 0 0 0
CPU_T 1791569245.953606080
cpu  115407 124 97956 12626730 1129 0 56186 0 0 0
cpu0 8452 0 13647 1585134 132 0 7799 0 0 0
cpu1 24881 2 8716 1557711 140 0 22997 0 0 0
cpu2 6420 104 9283 1553684 133 0 20879 0 0 0
cpu3 6494 2 9671 1594934 130 0 4383 0 0 0
cpu4 26564 3 8613 1580255 201 0 28 0 0 0
cpu5 19747 9 7022 1588999 141 0 11 0 0 0
cpu6 5153 0 12503 1597684 111 0 10 0 0 0
cpu7 17694 2 28499 1568325 138 0 76 0 0 0
CPU_T 1791569246.956480131
cpu  115496 124 97985 12627334 1129 0 56251 0 0 0
cpu0 8452 0 13647 1585155 132 0 7863 0 0 0
cpu1 24882 2 8721 1557803 140 0 22999 0 0 0
cpu2 6421 104 9284 1553782 133 0 20879 0 0 0
cpu3 6494 2 9671 1595034 130 0 4383 0 0 0
cpu4 26565 3 8616 1580351 201 0 28 0 0 0
cpu5 19748 9 7023 1589098 141 0 11 0 0 0
cpu6 5153 0 12503 1597783 111 0 10 0 0 0
cpu7 17777 2 28516 1568325 138 0 76 0 0 0
CPU_T 1791569247.964214816
cpu  115583 124 98014 12627941 1129 0 56335 0 0 0
cpu0 8452 0 13647 1585177 132 0 7944 0 0 0
cpu1 24884 2 8726 1557895 140 0 23001 0 0 0
cpu2 6422 104 9286 1553881 133 0 20879 0 0 0
cpu3 6494 2 9671 1595134 130 0 4383 0 0 0
cpu4 26566 3 8618 1580448 201 0 28 0 0 0
cpu5 19748 9 7024 1589197 141 0 11 0 0 0
cpu6 5153 0 12505 1597881 111 0 10 0 0 0
cpu7 17861 2 28533 1568325 138 0 76 0 0 0
