CPU_T 1791568937.730570659
cpu  106700 124 89116 12411813 1115 0 43365 0 0 0
cpu0 8388 0 13527 1562370 130 0 225 0 0 0
cpu1 24738 2 8361 1529861 138 0 20996 0 0 0
cpu2 6255 104 8903 1523662 130 0 20688 0 0 0
cpu3 6411 2 9594 1567426 130 0 1331 0 0 0
cpu4 26112 3 5906 1552745 200 0 27 0 0 0
cpu5 19551 9 6551 1558882 139 0 11 0 0 0
cpu6 4981 0 12137 1567431 109 0 10 0 0 0
cpu7 10261 2 24134 1549432 136 0 74 0 0 0
CPU_T 1791568938.734148628
cpu  106778 124 89141 12412432 1115 0 43402 0 0 0
cpu0 8388 0 13528 1562469 130 0 225 0 0 0
cpu1 24738 2 8362 1529885 138 0 21032 0 0 0
cpu2 6255 104 8903 1523762 130 0 20688 0 0 0
cpu3 6411 2 9594 1567522 130 0 1332 0 0 0
cpu4 26112 3 5906 1552845 200 0 27 0 0 0
cpu5 19551 9 6551 1558982 139 0 11 0 0 0
cpu6 4981 0 12137 1567531 109 0 10 0 0 0
cpu7 10338 2 24157 1549432 136 0 74 0 0 0
CPU_T 1791568939.737208931
cpu  106862 124 89177 12413031 1115 0 43465 0 0 0
cpu0 8389 0 13531 1562565 130 0 225 0 0 0
cpu1 24740 2 8363 1529903 138 0 21092 0 0 0
cpu2 6255 104 8906 1523858 130 0 20688 0 0 0
cpu3 6411 2 9595 1567617 130 0 1335 0 0 0
cpu4 26113 3 5908 1552943 200 0 27 0 0 0
cpu5 19552 9 6552 1559079 139 0 11 0 0 0
cpu6 4981 0 12139 1567629 109 0 10 0 0 0
cpu7 10416 2 24179 1549432 136 0 74 0 0 0
CPU_T 1791568940.740459255
cpu  106941 124 89203 12413645 1115 0 43545 0 0 0
cpu0 8389 0 13531 1562665 130 0 225 0 0 0
cpu1 24741 2 8366 1529921 138 0 21170 0 0 0
cpu2 6256 104 8906 1523958 130 0 20688 0 0 0
cpu3 6411 2 9595 1567713 130 0 1337 0 0 0
cpu4 26113 3 5909 1553043 200 0 27 0 0 0
cpu5 19552 9 6553 1559179 139 0 11 0 0 0
cpu6 4981 0 12139 1567730 109 0 10 0 0 0
cpu7 10494 2 24202 1549432 136 0 74 0 0 0
CPU_T 1791568941.747146327
cpu  107025 124 89237 12414249 1115 0 43624 0 0 0
cpu0 8390 0 13534 1562761 130 0 225 0 0 0
cpu1 24741 2 8366 1529943 138 0 21247 0 0 0
cpu2 6257 104 8908 1524055 130 0 20688 0 0 0
cpu3 6412 2 9595 1567809 130 0 1339 0 0 0
cpu4 26113 3 5910 1553141 200 0 27 0 0 0
cpu5 19553 9 6556 1559276 139 0 11 0 0 0
cpu6 4983 0 12141 1567826 109 0 10 0 0 0
cpu7 10573 2 24224 1549432 136 0 74 0 0 0
CPU_T 1791568942.751476767
cpu  107111 124 89273 12414847 1115 0 43703 0 0 0
cpu0 8391 0 13536 1562859 130 0 226 0 0 0
cpu1 24742 2 8370 1529961 138 0 21324 0 0 0
cpu2 6257 104 8911 1524152 130 0 20688 0 0 0
cpu3 6412 2 9596 1567904 130 0 1342 0 0 0
cpu4 26114 3 5913 1553238 200 0 27 0 0 0
cpu5 19554 9 6558 1559373 139 0 11 0 0 0
cpu6 4984 0 12142 1567924 109 0 10 0 0 0
cpu7 10654 2 24243 1549432 136 0 74 0 0 0
CPU_T 1791568943.754155835
cpu  107192 124 89294 12415465 1115 0 43776 0 0 0
cpu0 8391 0 13536 1562958 130 0 226 0 0 0
cpu1 24742 2 8370 1529984 138 0 21395 0 0 0
cpu2 6258 104 8911 1524252 130 0 20688 0 0 0
cpu3 6412 2 9596 1568000 130 0 1343 0 0 0
cpu4 26114 3 5913 1553338 200 0 27 0 0 0
cpu5 19554 9 6558 1559473 139 0 11 0 0 0
cpu6 4984 0 12143 1568023 109 0 10 0 0 0
cpu7 10734 2 24264 1549432 136 0 74 0 0 0
CPU_T 1791568944.757878786
cpu  107276 124 89331 12416063 1115 0 43844 0 0 0
cpu0 8391 0 13537 1563056 130 0 226 0 0 0
cpu1 24744 2 8372 1530001 138 0 21461 0 0 0
cpu2 6259 104 8915 1524347 130 0 20688 0 0 0
cpu3 6413 2 9596 1568096 130 0 1345 0 0 0
cpu4 26116 3 5916 1553435 200 0 27 0 0 0
cpu5 19554 9 6562 1559569 139 0 11 0 0 0
cpu6 4985 0 12144 1568121 109 0 10 0 0 0
cpu7 10812 2 24286 1549432 136 0 74 0 0 0
CPU_T 1791568945.760726220
cpu  107360 124 89368 12416660 1115 0 43919 0 0 0
cpu0 8391 0 13539 1563153 130 0 226 0 0 0
cpu1 24745 2 8375 1530019 138 0 21534 0 0 0
cpu2 6260 104 8918 1524444 130 0 20688 0 0 0
cpu3 6413 2 9596 1568192 130 0 1347 0 0 0
cpu4 26117 3 5918 1553532 200 0 27 0 0 0
cpu5 19555 9 6564 1559666 139 0 11 0 0 0
cpu6 4986 0 12146 1568219 109 0 10 0 0 0
cpu7 10890 2 24308 1549432 136 0 74 0 0 0
CPU_T 1791568946.764060414
cpu  107438 124 89394 12417278 1115 0 43996 0 0 0
cpu0 8392 0 13540 1563253 130 0 226 0 0 0
cpu1 24745 2 8376 1530041 138 0 21610 0 0 0
cpu2 6260 104 8918 1524544 130 0 20688 0 0 0
cpu3 6413 2 9596 1568288 130 0 1349 0 0 0
cpu4 26117 3 5919 1553631 200 0 27 0 0 0
cpu5 19555 9 6564 1559766 139 0 11 0 0 0
cpu6 4986 0 12146 1568319 109 0 10 0 0 0
cpu7 10967 2 24332 1549432 136 0 74 0 0 0
CPU_T 1791568947.767343355
cpu  107522 124 89431 12417875 1115 0 44065 0 0 0
cpu0 8393 0 13542 1563349 130 0 226 0 0 0
cpu1 24745 2 8376 1530062 138 0 21676 0 0 0
cpu2 6260 104 8920 1524641 130 0 20688 0 0 0
cpu3 6413 2 9597 1568384 130 0 1351 0 0 0
cpu4 26118 3 5921 1553728 200 0 27 0 0 0
cpu5 19557 9 6571 1559858 139 0 11 0 0 0
cpu6 4987 0 12148 1568416 109 0 10 0 0 0
cpu7 11046 2 24352 1549433 136 0 74 0 0 0
CPU_T 1791568948.770546271
cpu  107603 124 89457 12418487 1115 0 44142 0 0 0
cpu0 8393 0 13542 1563449 130 0 226 0 0 0
cpu1 24745 2 8376 1530085 138 0 21752 0 0 0
cpu2 6260 104 8920 1524741 130 0 20688 0 0 0
cpu3 6413 2 9597 1568480 130 0 1352 0 0 0
cpu4 26118 3 5922 1553828 200 0 27 0 0 0
cpu5 19559 9 6574 1559953 139 0 11 0 0 0
cpu6 4987 0 12149 1568515 109 0 10 0 0 0
cpu7 11125 2 24373 1549433 136 0 74 0 0 0
CPU_T 1791568949.775836788
cpu  107685 124 89492 12419090 1115 0 44169 0 0 0
cpu0 8394 0 13545 1563546 130 0 226 0 0 0
cpu1 24745 2 8377 1530107 138 0 21776 0 0 0
cpu2 6261 104 8923 1524838 130 0 20688 0 0 0
cpu3 6413 2 9597 1568575 130 0 1355 0 0 0
cpu4 26119 3 5923 1553926 200 0 27 0 0 0
cpu5 19559 9 6577 1560050 139 0 11 0 0 0
cpu6 4987 0 12151 1568613 109 0 10 0 0 0
cpu7 11203 2 24395 1549433 136 0 74 0 0 0
CPU_T 1791568950.779333418
cpu  107767 124 89532 12419687 1115 0 44243 0 0 0
cpu0 8394 0 13547 1563643 130 0 226 0 0 0
cpu1 24745 2 8377 1530128 138 0 21848 0 0 0
cpu2 6262 104 8926 1524935 130 0 20688 0 0 0
cpu3 6414 2 9598 1568671 130 0 1356 0 0 0
cpu4 26119 3 5925 1554023 200 0 27 0 0 0
cpu5 19562 9 6583 1560141 139 0 11 0 0 0
cpu6 4987 0 12153 1568711 109 0 10 0 0 0
cpu7 11279 2 24419 1549433 136 0 74 0 0 0
CPU_T 1791568951.782057189
cpu  107846 124 89554 12420305 1115 0 44299 0 0 0
cpu0 8394 0 13547 1563742 130 0 226 0 0 0
cpu1 24745 2 8377 1530151 138 0 21902 0 0 0
cpu2 6262 104 8926 1525035 130 0 20688 0 0 0
cpu3 6414 2 9598 1568767 130 0 1359 0 0 0
cpu4 26119 3 5925 1554124 200 0 27 0 0 0
cpu5 19562 9 6583 1560241 139 0 11 0 0 0
cpu6 4988 0 12154 1568810 109 0 10 0 0 0
cpu7 11358 2 24440 1549433 136 0 74 0 0 0
CPU_T 1791568952.787329980
cpu  107932 124 89591 12420904 1115 0 44378 0 0 0
cpu0 8395 0 13548 1563840 130 0 226 0 0 0
cpu1 24746 2 8378 1530172 138 0 21980 0 0 0
cpu2 6264 104 8929 1525132 130 0 20688 0 0 0
cpu3 6414 2 9599 1568862 130 0 1360 0 0 0
cpu4 26120 3 5928 1554221 200 0 27 0 0 0
cpu5 19564 9 6589 1560333 139 0 11 0 0 0
cpu6 4988 0 12157 1568907 109 0 10 0 0 0
cpu7 11438 2 24461 1549433 136 0 74 0 0 0
CPU_T 1791568953.790678975
cpu  108015 124 89629 12421500 1115 0 44455 0 0 0
cpu0 8397 0 13551 1563937 130 0 226 0 0 0
cpu1 24746 2 8378 1530192 138 0 22055 0 0 0
cpu2 6265 104 8931 1525228 130 0 20688 0 0 0
cpu3 6415 2 9600 1568957 130 0 1362 0 0 0
cpu4 26120 3 5929 1554319 200 0 27 0 0 0
cpu5 19566 9 6595 1560425 139 0 11 0 0 0
cpu6 4989 0 12159 1569004 109 0 10 0 0 0
cpu7 11515 2 24484 1549433 136 0 74 0 0 0
CPU_T 1791568954.796297097
cpu  108094 124 89653 12422120 1115 0 44521 0 0 0
cpu0 8397 0 13551 1564037 130 0 226 0 0 0
cpu1 24746 2 8378 1530215 138 0 22120 0 0 0
cpu2 6265 104 8931 1525329 130 0 20688 0 0 0
cpu3 6415 2 9600 1569054 130 0 1363 0 0 0
cpu4 26121 3 5929 1554420 200 0 27 0 0 0
cpu5 19566 9 6595 1560525 139 0 11 0 0 0
cpu6 4989 0 12160 1569103 109 0 10 0 0 0
cpu7 11593 2 24507 1549433 136 0 74 0 0 0
CPU_T 1791568955.799143261
cpu  108175 124 89693 12422718 1115 0 44592 0 0 0
cpu0 8398 0 13552 1564135 130 0 226 0 0 0
cpu1 24746 2 8378 1530236 138 0 22189 0 0 0
cpu2 6265 104 8933 1525427 130 0 20688 0 0 0
cpu3 6416 2 9600 1569149 130 0 1364 0 0 0
cpu4 26121 3 5931 1554517 200 0 27 0 0 0
cpu5 19568 9 6602 1560617 139 0 11 0 0 0
cpu6 4990 0 12163 1569200 109 0 10 0 0 0
cpu7 11667 2 24532 1549434 136 0 74 0 0 0
CPU_T 1791568956.805927436
cpu  108252 124 89723 12423331 1115 0 44648 0 0 0
cpu0 8398 0 13552 1564235 130 0 226 0 0 0
cpu1 24746 2 8378 1530258 138 0 22244 0 0 0
cpu2 6265 104 8933 1525527 130 0 20688 0 0 0
cpu3 6416 2 9600 1569245 130 0 1366 0 0 0
cpu4 26121 3 5932 1554617 200 0 27 0 0 0
cpu5 19569 9 6606 1560712 139 0 11 0 0 0
cpu6 4990 0 12164 1569299 109 0 10 0 0 0
cpu7 11743 2 24557 1549434 136 0 74 0 0 0
CPU_T 1791568957.809002875
cpu  108337 124 89755 12423934 1115 0 44726 0 0 0
cpu0 8399 0 13554 1564331 130 0 226 0 0 0
cpu1 24746 2 8378 1530280 138 0 22321 0 0 0
cpu2 6267 104 8935 1525623 130 0 20688 0 0 0
cpu3 6416 2 9600 1569341 130 0 1367 0 0 0
cpu4 26122 3 5934 1554714 200 0 27 0 0 0
cpu5 19571 9 6608 1560809 139 0 11 0 0 0
cpu6 4991 0 12165 1569397 109 0 10 0 0 0
cpu7 11823 2 24577 1549434 136 0 74 0 0 0
CPU_T 1791568958.812011851
cpu  108418 124 89795 12424531 1115 0 44785 0 0 0
cpu0 8400 0 13558 1564427 130 0 226 0 0 0
cpu1 24746 2 8379 1530301 138 0 22378 0 0 0
cpu2 6267 104 8937 1525721 130 0 20688 0 0 0
cpu3 6416 2 9600 1569436 130 0 1369 0 0 0
cpu4 26123 3 5935 1554813 200 0 27 0 0 0
cpu5 19574 9 6614 1560900 139 0 11 0 0 0
cpu6 4992 0 12167 1569494 109 0 10 0 0 0
cpu7 11897 2 24603 1549434 136 0 74 0 0 0
CPU_T 1791568959.815314789
cpu  108499 124 89821 12425143 1115 0 44851 0 0 0
cpu0 8400 0 13558 1564527 130 0 226 0 0 0
cpu1 24746 2 8379 1530323 138 0 22442 0 0 0
cpu2 6267 104 8937 1525822 130 0 20688 0 0 0
cpu3 6416 2 9600 1569532 130 0 1370 0 0 0
cpu4 26123 3 5935 1554913 200 0 27 0 0 0
cpu5 19575 9 6618 1560995 139 0 11 0 0 0
cpu6 4992 0 12168 1569593 109 0 10 0 0 0
cpu7 11977 2 24623 1549434 136 0 74 0 0 0
CPU_T 1791568960.818802013
cpu  108582 124 89855 12425745 1115 0 44905 0 0 0
cpu0 8401 0 13561 1564623 130 0 226 0 0 0
cpu1 24746 2 8380 1530344 138 0 22494 0 0 0
cpu2 6268 104 8939 1525919 130 0 20688 0 0 0
cpu3 6416 2 9600 1569628 130 0 1372 0 0 0
cpu4 26123 3 5937 1555011 200 0 27 0 0 0
cpu5 19576 9 6620 1561092 139 0 11 0 0 0
cpu6 4993 0 12170 1569690 109 0 10 0 0 0
cpu7 12055 2 24645 1549434 136 0 74 0 0 0
CPU_T 1791568961.821506800
cpu  108665 124 89894 12426338 1117 0 44973 0 0 0
cpu0 8402 0 13563 1564720 130 0 226 0 0 0
cpu1 24746 2 8380 1530365 138 0 22560 0 0 0
cpu2 6268 104 8941 1526015 132 0 20688 0 0 0
cpu3 6417 2 9602 1569723 130 0 1375 0 0 0
cpu4 26124 3 5939 1555109 200 0 27 0 0 0
cpu5 19577 9 6628 1561182 139 0 11 0 0 0
cpu6 4994 0 12172 1569787 109 0 10 0 0 0
cpu7 12133 2 24667 1549435 136 0 74 0 0 0
CPU_T 1791568962.824799123
cpu  108743 124 89923 12426951 1117 0 45026 0 0 0
cpu0 8402 0 13563 1564820 130 0 226 0 0 0
cpu1 24746 2 8380 1530387 138 0 22611 0 0 0
cpu2 6268 104 8941 1526114 132 0 20688 0 0 0
cpu3 6417 2 9602 1569819 130 0 1376 0 0 0
cpu4 26124 3 5940 1555208 200 0 27 0 0 0
cpu5 19579 9 6632 1561277 139 0 11 0 0 0
cpu6 4994 0 12172 1569887 109 0 10 0 0 0
cpu7 12209 2 24690 1549435 136 0 74 0 0 0
CPU_T 1791568963.828319264
cpu  108825 124 89958 12427554 1117 0 45105 0 0 0
cpu0 8403 0 13564 1564916 130 0 226 0 0 0
cpu1 24746 2 8380 1530410 138 0 22687 0 0 0
cpu2 6269 104 8943 1526212 132 0 20688 0 0 0
cpu3 6418 2 9602 1569914 130 0 1379 0 0 0
cpu4 26124 3 5941 1555306 200 0 27 0 0 0
cpu5 19579 9 6635 1561373 139 0 11 0 0 0
cpu6 4995 0 12175 1569984 109 0 10 0 0 0
cpu7 12287 2 24713 1549435 136 0 74 0 0 0
CPU_T 1791568964.831919456
cpu  108906 124 89984 12428167 1117 0 45179 0 0 0
cpu0 8403 0 13565 1565016 130 0 226 0 0 0
cpu1 24746 2 8380 1530432 138 0 22760 0 0 0
cpu2 6269 104 8943 1526312 132 0 20688 0 0 0
cpu3 6418 2 9603 1570010 130 0 1381 0 0 0
cpu4 26124 3 5942 1555406 200 0 27 0 0 0
cpu5 19581 9 6639 1561468 139 0 11 0 0 0
cpu6 4995 0 12176 1570083 109 0 10 0 0 0
cpu7 12366 2 24734 1549435 136 0 74 0 0 0
CPU_T 1791568965.835155209
cpu  108987 124 90023 12428765 1117 0 45243 0 0 0
cpu0 8404 0 13567 1565113 130 0 226 0 0 0
cpu1 24747 2 8381 1530452 138 0 22823 0 0 0
cpu2 6270 104 8945 1526410 132 0 20688 0 0 0
cpu3 6418 2 9603 1570105 130 0 1382 0 0 0
cpu4 26125 3 5943 1555504 200 0 27 0 0 0
cpu5 19583 9 6644 1561561 139 0 11 0 0 0
cpu6 4995 0 12179 1570180 109 0 10 0 0 0
cpu7 12442 2 24758 1549435 136 0 74 0 0 0
CPU_T 1791568966.839171509
cpu  109069 124 90060 12429367 1117 0 45306 0 0 0
cpu0 8405 0 13568 1565211 130 0 226 0 0 0
cpu1 24747 2 8381 1530474 138 0 22884 0 0 0
cpu2 6271 104 8948 1526506 132 0 20688 0 0 0
cpu3 6419 2 9605 1570200 130 0 1383 0 0 0
cpu4 26126 3 5945 1555602 200 0 27 0 0 0
cpu5 19584 9 6647 1561658 139 0 11 0 0 0
cpu6 4996 0 12181 1570278 109 0 10 0 0 0
cpu7 12519 2 24782 1549435 136 0 74 0 0 0
