tag                             pace       tx_bytes   tx_Mbps         dW53          dW54   ratio   partials   skip_bytes
W54FIX_P100_R1             100000000     1200095232   800.063   1200095180             0 1.000000       2281         None
W54FIX_P100_R2             100000000     1200095232   800.063   1200094396             0 0.999999       2159         None
W54FIX_P160_R1             160000000     1665925120  1110.617   1665924368             0 1.000000          0         None
W54FIX_P160_R2             160000000     1667235840  1111.489   1667234648             0 0.999999          4         None
W54NEG_P100_R1             100000000     1200098576   800.066   1200097444    1193974559 0.999999       1926      7271152
W54NEG_P100_R2             100000000     1200226304   800.151   1200225120             0 0.999999          0            0
W54NEG_P160_R1             160000000     1666908160  1111.261   1666907536             0 1.000000          0            0
W54NEG_P160_R2             160000000      372244480   248.163    371862000             0 0.998973          0            0
W54NEG_P160_R3             160000000     1666383872  1110.922   1666383252             0 1.000000          0            0
W54NEG_P160_R4             160000000     1666383872  1110.923   1666383128             0 1.000000          0            0
W54NEG_P160_R5             160000000     1666252800  1110.835   1666252756             0 1.000000          0            0
W54DELIB_NEG_P160_R1       160000000     1519753052  1013.107   1519752996    1513733631 1.000000       3354   1997170852
W54DELIB_FIX_P160_R1       160000000     1587871104  1058.571   1587870140             0 0.999999      10178         None
