STAT A14_k00 3 164 0 0 0 0 0 20 152 3 3 152 0 0
STAT A14_k08 3 164 0 0 0 0 0 20 152 3 3 152 0 0
STAT A14_k16 3 164 0 0 0 0 0 20 152 3 3 152 0 0
STAT A14_k24 2 100 1 0 0 0 0 18 140 3 2 92 0 0
STAT A14_long 2 100 1 0 0 0 0 18 140 3 2 92 0 1
STAT B200_k00 1 64 2 0 0 0 0 16 124 2 1 60 0 2
STAT B200_k08 1 64 2 0 0 0 0 16 124 2 1 60 0 1
STAT B200_k16 1 64 2 0 0 0 0 16 124 2 1 60 0 1
STAT B200_k24 1 64 2 0 0 0 0 16 124 2 1 60 0 1
STAT B200_x 0 0 3 0 0 0 0 8 64 1 0 0 0 0
STAT B200_y 0 0 3 0 0 0 0 8 64 1 0 0 0 1
STAT C500_k00 1 64 2 0 0 0 0 16 124 2 1 60 0 2
STAT C500_k08 1 64 2 0 0 0 0 16 124 2 1 60 0 1
STAT C500_k16 1 64 2 0 0 0 0 16 124 2 1 60 0 1
STAT C500_k24 1 64 2 0 0 0 0 16 124 2 1 60 0 1
STAT C500_k32 1 64 2 0 0 0 0 16 124 2 1 60 0 1
STAT C120_k00 1 64 2 0 0 0 0 16 124 2 1 60 0 1
STAT C120_k08 1 64 2 0 0 0 0 16 124 2 1 60 0 1
STAT C120_k16 1 64 2 0 0 0 0 16 124 2 1 60 0 1
STAT Bctl 3 210 0 0 0 0 0 26 198 3 3 198 0 0
