A14_k00 0 624 148 256 3 274
A14_k08 624 1248 140 256 3 274
A14_k16 1248 1872 132 256 3 274
A14_k24 1872 2496 124 256 3 274
A14_long 2496 3120 120 300 3 274
B200_k00 3120 3790 16 212 3 320
B200_k08 3790 4460 16 204 3 320
B200_k16 4460 5130 16 196 3 320
B200_k24 5130 5800 16 188 3 320
B200_x 5800 6470 16 226 3 320
B200_y 6470 7140 16 240 3 320
C500_k00 7140 7828 16 210 3 760
C500_k08 7828 8516 16 202 3 760
C500_k16 8516 9204 16 194 3 760
C500_k24 9204 9892 16 186 3 760
C500_k32 9892 10580 16 178 3 760
C120_k00 10580 11268 16 210 3 380
C120_k08 11268 11956 16 202 3 380
C120_k16 11956 12644 16 194 3 380
Bctl 12644 13314 -1 -1 3 320
