STAT ctl 3 344 0 0 0 0 0 42 332 3 3 332 0 0
STAT b72_e8 0 0 3 3 1 64 0 9 64 1 0 0 1 0
STAT b72_e12 0 0 3 3 1 64 0 9 64 1 0 0 1 0
STAT b72_e20 0 0 3 3 1 64 0 9 64 1 0 0 1 0
STAT b64_e8 1 68 2 2 0 0 0 8 64 1 1 64 0 0
STAT b76_e10 0 0 3 3 1 64 0 9 64 1 0 0 1 0
STAT a200_e16 1 64 2 2 1 64 0 17 124 2 1 60 1 0
STAT a200_e24 1 64 2 2 1 64 0 17 124 2 1 60 1 0
STAT a200_e32 1 64 2 2 1 72 0 18 132 2 1 60 1 0
STAT a200_r100 2 128 1 1 1 64 0 25 184 3 2 120 1 0
STAT a200_r140 2 128 1 1 1 64 0 25 184 3 2 120 1 0
STAT a1500 0 0 3 3 1 64 0 9 64 1 0 0 1 0
STAT a200_x 0 0 3 3 1 64 0 9 64 1 0 0 1 0
STAT sw_L00_k00 1 64 2 2 1 184 0 32 244 2 1 60 1 0
STAT sw_L00_k08 1 64 2 2 1 176 0 31 236 2 1 60 1 0
STAT sw_L00_k16 1 64 2 2 1 168 0 30 228 2 1 60 1 0
STAT sw_L00_k24 1 64 2 2 1 160 0 29 220 2 1 60 1 0
STAT sw_L01_k00 1 64 2 2 1 184 0 32 244 2 1 60 1 0
STAT sw_L01_k08 1 64 2 2 1 176 0 31 236 2 1 60 1 0
STAT sw_L01_k16 1 64 2 2 1 168 0 30 228 2 1 60 1 0
STAT sw_L01_k24 1 64 2 2 1 160 0 29 220 2 1 60 1 0
STAT sw_L02_k00 1 64 2 2 1 184 0 32 244 2 1 60 1 0
STAT sw_L02_k08 1 64 2 2 1 176 0 31 236 2 1 60 1 0
STAT sw_L02_k16 1 64 2 2 1 168 0 30 228 2 1 60 1 0
STAT sw_L02_k24 1 64 2 2 1 160 0 29 220 2 1 60 1 0
STAT sw_L03_k00 1 64 2 2 1 184 0 32 244 2 1 60 1 0
STAT sw_L03_k08 1 64 2 2 1 176 0 31 236 2 1 60 1 0
STAT sw_L03_k16 1 64 2 2 1 168 0 30 228 2 1 60 1 0
STAT sw_L03_k24 1 64 2 2 1 160 0 29 220 2 1 60 1 0
STAT sw_L04_k00 1 64 2 2 1 184 0 32 244 2 1 60 1 0
STAT sw_L04_k08 1 64 2 2 1 176 0 31 236 2 1 60 1 0
STAT sw_L04_k16 1 64 2 2 1 168 0 30 228 2 1 60 1 0
STAT sw_L04_k24 1 64 2 2 1 160 0 29 220 2 1 60 1 0
STAT sw_L05_k00 1 64 2 2 1 184 0 32 244 2 1 60 1 0
STAT sw_L05_k08 1 64 2 2 1 176 0 31 236 2 1 60 1 0
STAT sw_L05_k16 1 64 2 2 1 168 0 30 228 2 1 60 1 0
STAT sw_L05_k24 1 64 2 2 1 160 0 29 220 2 1 60 1 0
STAT sw_L06_k00 1 64 2 2 1 184 0 32 244 2 1 60 1 0
STAT sw_L06_k08 1 64 2 2 1 176 0 31 236 2 1 60 1 0
STAT sw_L06_k16 1 64 2 2 1 168 0 30 228 2 1 60 1 0
STAT sw_L06_k24 1 64 2 2 1 160 0 29 220 2 1 60 1 0
STAT sw_L07_k00 1 64 2 2 1 184 0 32 244 2 1 60 1 0
STAT sw_L07_k08 1 64 2 2 1 176 0 31 236 2 1 60 1 0
STAT sw_L07_k16 1 64 2 2 1 168 0 30 228 2 1 60 1 0
STAT sw_L07_k24 1 64 2 2 1 160 0 29 220 2 1 60 1 0
STAT sw_L08_k00 1 64 2 2 1 184 0 32 244 2 1 60 1 0
STAT sw_L08_k08 1 64 2 2 1 176 0 31 236 2 1 60 1 0
STAT sw_L08_k16 1 64 2 2 1 168 0 30 228 2 1 60 1 0
STAT sw_L08_k24 1 64 2 2 1 160 0 29 220 2 1 60 1 0
STAT sw_L09_k00 1 64 2 2 1 184 0 32 244 2 1 60 1 0
STAT sw_L09_k08 1 64 2 2 1 176 0 31 236 2 1 60 1 0
STAT sw_L09_k16 1 64 2 2 1 168 0 30 228 2 1 60 1 0
STAT sw_L09_k24 1 64 2 2 1 160 0 29 220 2 1 60 1 0
STAT sw_L10_k00 1 64 2 2 1 184 0 32 244 2 1 60 1 0
STAT sw_L10_k08 1 64 2 2 1 176 0 31 236 2 1 60 1 0
STAT sw_L10_k16 1 64 2 2 1 168 0 30 228 2 1 60 1 0
STAT sw_L10_k24 1 64 2 2 1 160 0 29 220 2 1 60 1 0
STAT sw_L11_k00 1 64 2 2 1 184 0 32 244 2 1 60 1 0
STAT sw_L11_k08 1 64 2 2 1 176 0 31 236 2 1 60 1 0
STAT sw_L11_k16 1 64 2 2 1 168 0 30 228 2 1 60 1 0
STAT sw_L11_k24 1 64 2 2 1 160 0 29 220 2 1 60 1 0
STAT sw_L12_k00 1 64 2 2 1 184 0 32 244 2 1 60 1 0
STAT sw_L12_k08 1 64 2 2 1 176 0 31 236 2 1 60 1 0
STAT sw_L12_k16 1 64 2 2 1 168 0 30 228 2 1 60 1 0
STAT sw_L12_k24 1 64 2 2 1 160 0 29 220 2 1 60 1 0
STAT sw_L13_k00 1 64 2 2 1 184 0 32 244 2 1 60 1 0
STAT sw_L13_k08 1 64 2 2 1 176 0 31 236 2 1 60 1 0
STAT sw_L13_k16 1 64 2 2 1 168 0 30 228 2 1 60 1 0
STAT sw_L13_k24 1 64 2 2 1 160 0 29 220 2 1 60 1 0
STAT sw_L14_k00 1 64 2 2 1 184 0 32 244 2 1 60 1 0
STAT sw_L14_k08 1 64 2 2 1 176 0 31 236 2 1 60 1 0
STAT sw_L14_k16 1 64 2 2 1 168 0 30 228 2 1 60 1 0
STAT sw_L14_k24 1 64 2 2 1 160 0 29 220 2 1 60 1 0
STAT sw_L15_k00 1 64 2 2 1 184 0 32 244 2 1 60 1 0
STAT sw_L15_k08 1 64 2 2 1 176 0 31 236 2 1 60 1 0
STAT sw_L15_k16 1 64 2 2 1 168 0 30 228 2 1 60 1 0
STAT sw_L15_k24 1 64 2 2 1 160 0 29 220 2 1 60 1 0
STAT sw_L16_k00 1 64 2 2 1 184 0 32 244 2 1 60 1 0
STAT sw_L16_k08 1 64 2 2 1 176 0 31 236 2 1 60 1 0
STAT sw_L16_k16 1 64 2 2 1 168 0 30 228 2 1 60 1 0
STAT sw_L16_k24 1 64 2 2 1 160 0 29 220 2 1 60 1 0
STAT sw_L17_k00 1 64 2 2 1 184 0 32 244 2 1 60 1 0
STAT sw_L17_k08 1 64 2 2 1 176 0 31 236 2 1 60 1 0
STAT sw_L17_k16 1 64 2 2 1 168 0 30 228 2 1 60 1 0
STAT sw_L17_k24 1 64 2 2 1 160 0 29 220 2 1 60 1 0
STAT sw_L18_k00 1 64 2 2 1 184 0 32 244 2 1 60 1 0
STAT sw_L18_k08 1 64 2 2 1 176 0 31 236 2 1 60 1 0
STAT sw_L18_k16 1 64 2 2 1 168 0 30 228 2 1 60 1 0
STAT sw_L18_k24 1 64 2 2 1 160 0 29 220 2 1 60 1 0
STAT sw_L19_k00 1 64 2 2 1 184 0 32 244 2 1 60 1 0
STAT sw_L19_k08 1 64 2 2 1 176 0 31 236 2 1 60 1 0
STAT sw_L19_k16 1 64 2 2 1 168 0 30 228 2 1 60 1 0
STAT sw_L19_k24 1 64 2 2 1 160 0 29 220 2 1 60 1 0
STAT sw_L20_k00 1 64 2 2 1 184 0 32 244 2 1 60 1 0
STAT sw_L20_k08 1 64 2 2 1 176 0 31 236 2 1 60 1 0
STAT sw_L20_k16 1 64 2 2 1 168 0 30 228 2 1 60 1 0
STAT sw_L20_k24 1 64 2 2 1 160 0 29 220 2 1 60 1 0
STAT sw_L21_k08 1 64 2 2 1 176 0 31 236 2 1 60 1 0
STAT sw_L22_k08 1 64 2 2 1 176 0 31 236 2 1 60 1 0
STAT sw_L23_k08 1 64 2 2 1 176 0 31 236 2 1 60 1 0
STAT sw_L24_k08 1 64 2 2 1 176 0 31 236 2 1 60 1 0
STAT sw_L25_k08 1 64 2 2 1 176 0 31 236 2 1 60 1 0
STAT sw_L26_k08 1 64 2 2 1 176 0 31 236 2 1 60 1 0
STAT sw_L27_k08 1 64 2 2 1 176 0 31 236 2 1 60 1 0
STAT sw_L28_k08 1 64 2 2 1 176 0 31 236 2 1 60 1 0
STAT sw_L29_k08 1 64 2 2 1 176 0 31 236 2 1 60 1 0
STAT sw_L30_k08 1 64 2 2 1 176 0 31 236 2 1 60 1 0
STAT sw_L31_k08 1 64 2 2 1 176 0 31 236 2 1 60 1 0
STAT sw_L32_k08 1 64 2 2 1 176 0 31 236 2 1 60 1 0
STAT sw_L33_k08 1 64 2 2 1 176 0 31 236 2 1 60 1 0
STAT sw_L34_k08 1 64 2 2 1 176 0 31 236 2 1 60 1 0
STAT sw_L35_k08 1 64 2 2 1 176 0 31 236 2 1 60 1 0
STAT sw_L36_k08 1 64 2 2 1 176 0 31 236 2 1 60 1 0
STAT sw_L37_k08 1 64 2 2 1 176 0 31 236 2 1 60 1 0
STAT sw_L38_k08 1 64 2 2 1 176 0 31 236 2 1 60 1 0
STAT sw_L39_k08 1 64 2 2 1 176 0 31 236 2 1 60 1 0
STAT sw_L40_k08 1 64 2 2 1 176 0 31 236 2 1 60 1 0
STAT sw_L41_k08 1 64 2 2 1 176 0 31 236 2 1 60 1 0
STAT sw_L42_k08 1 64 2 2 1 176 0 31 236 2 1 60 1 0
STAT sw_L43_k08 1 64 2 2 1 176 0 31 236 2 1 60 1 0
STAT sw_L44_k08 1 64 2 2 1 176 0 31 236 2 1 60 1 0
STAT sw_L45_k08 1 64 2 2 1 176 0 31 236 2 1 60 1 0
STAT sw_L46_k08 1 64 2 2 1 176 0 31 236 2 1 60 1 0
STAT sw_L47_k08 1 64 2 2 1 176 0 31 236 2 1 60 1 0
STAT sw_L48_k08 1 64 2 2 1 176 0 31 236 2 1 60 1 0
STAT sw_L49_k08 1 64 2 2 1 176 0 31 236 2 1 60 1 0
STAT sw_L50_k08 1 64 2 2 1 176 0 31 236 2 1 60 1 0
STAT sw_L51_k08 1 64 2 2 1 176 0 31 236 2 1 60 1 0
STAT sw_L52_k08 1 64 2 2 1 176 0 31 236 2 1 60 1 0
STAT sw_L53_k08 1 64 2 2 1 176 0 31 236 2 1 60 1 0
STAT sw_L54_k08 1 64 2 2 1 176 0 31 236 2 1 60 1 0
STAT sw_L55_k08 1 64 2 2 1 176 0 31 236 2 1 60 1 0
STAT sw_L56_k08 1 64 2 2 1 176 0 31 236 2 1 60 1 0
STAT sw_L57_k08 1 64 2 2 1 176 0 31 236 2 1 60 1 0
STAT sw_L58_k08 1 64 2 2 1 176 0 31 236 2 1 60 1 0
STAT sw_L59_k08 1 64 2 2 1 176 0 31 236 2 1 60 1 0
STAT sw_L60_k08 1 64 2 2 1 176 0 31 236 2 1 60 1 0
STAT sw_L61_k08 1 64 2 2 1 176 0 31 236 2 1 60 1 0
STAT sw_L62_k08 1 64 2 2 1 176 0 31 236 2 1 60 1 0
STAT sw_L63_k08 1 64 2 2 1 176 0 31 236 2 1 60 1 0
STAT sw_L64_k08 1 64 2 2 1 176 0 31 236 2 1 60 1 0
