ctl 0 804 -1 -1 3 332
b72_e8 804 1468 8 400 3 192
b72_e12 1468 2132 12 400 3 192
b72_e20 2132 2796 20 400 3 192
b64_e8 2796 3452 8 400 3 184
b76_e10 3452 4120 10 400 3 196
a200_e16 4120 4912 16 260 3 320
a200_e24 4912 5704 24 260 3 320
a200_e32 5704 6496 32 260 3 320
a200_r100 6496 7288 16 100 3 320
a200_r140 7288 8080 16 140 3 320
a1500 8080 10172 16 2200 3 1620
a200_x 10172 10964 16 900 3 320
sw_L00_k00 10964 11710 148 242 3 260
sw_L00_k08 11710 12456 140 242 3 260
sw_L00_k16 12456 13202 132 242 3 260
sw_L00_k24 13202 13948 124 242 3 260
sw_L01_k00 13948 14694 148 243 3 261
sw_L01_k08 14694 15440 140 243 3 261
sw_L01_k16 15440 16186 132 243 3 261
sw_L01_k24 16186 16932 124 243 3 261
sw_L02_k00 16932 17678 148 244 3 262
sw_L02_k08 17678 18424 140 244 3 262
sw_L02_k16 18424 19170 132 244 3 262
sw_L02_k24 19170 19916 124 244 3 262
sw_L03_k00 19916 20662 148 245 3 263
sw_L03_k08 20662 21408 140 245 3 263
sw_L03_k16 21408 22154 132 245 3 263
sw_L03_k24 22154 22900 124 245 3 263
sw_L04_k00 22900 23646 148 246 3 264
sw_L04_k08 23646 24392 140 246 3 264
sw_L04_k16 24392 25138 132 246 3 264
sw_L04_k24 25138 25884 124 246 3 264
sw_L05_k00 25884 26630 148 247 3 265
sw_L05_k08 26630 27376 140 247 3 265
sw_L05_k16 27376 28122 132 247 3 265
sw_L05_k24 28122 28868 124 247 3 265
sw_L06_k00 28868 29614 148 248 3 266
sw_L06_k08 29614 30360 140 248 3 266
sw_L06_k16 30360 31106 132 248 3 266
sw_L06_k24 31106 31852 124 248 3 266
sw_L07_k00 31852 32598 148 249 3 267
sw_L07_k08 32598 33344 140 249 3 267
sw_L07_k16 33344 34090 132 249 3 267
sw_L07_k24 34090 34836 124 249 3 267
sw_L08_k00 34836 35582 148 250 3 268
sw_L08_k08 35582 36328 140 250 3 268
sw_L08_k16 36328 37074 132 250 3 268
sw_L08_k24 37074 37820 124 250 3 268
sw_L09_k00 37820 38566 148 251 3 269
sw_L09_k08 38566 39312 140 251 3 269
sw_L09_k16 39312 40058 132 251 3 269
sw_L09_k24 40058 40804 124 251 3 269
sw_L10_k00 40804 41550 148 252 3 270
sw_L10_k08 41550 42296 140 252 3 270
sw_L10_k16 42296 43042 132 252 3 270
sw_L10_k24 43042 43788 124 252 3 270
sw_L11_k00 43788 44534 148 253 3 271
sw_L11_k08 44534 45280 140 253 3 271
sw_L11_k16 45280 46026 132 253 3 271
sw_L11_k24 46026 46772 124 253 3 271
sw_L12_k00 46772 47518 148 254 3 272
sw_L12_k08 47518 48264 140 254 3 272
sw_L12_k16 48264 49010 132 254 3 272
sw_L12_k24 49010 49756 124 254 3 272
sw_L13_k00 49756 50502 148 255 3 273
sw_L13_k08 50502 51248 140 255 3 273
sw_L13_k16 51248 51994 132 255 3 273
sw_L13_k24 51994 52740 124 255 3 273
sw_L14_k00 52740 53486 148 256 3 274
sw_L14_k08 53486 54232 140 256 3 274
sw_L14_k16 54232 54978 132 256 3 274
sw_L14_k24 54978 55724 124 256 3 274
sw_L15_k00 55724 56471 148 257 3 275
sw_L15_k08 56471 57218 140 257 3 275
sw_L15_k16 57218 57965 132 257 3 275
sw_L15_k24 57965 58712 124 257 3 275
sw_L16_k00 58712 59460 148 258 3 276
sw_L16_k08 59460 60208 140 258 3 276
sw_L16_k16 60208 60956 132 258 3 276
sw_L16_k24 60956 61704 124 258 3 276
sw_L17_k00 61704 62453 148 259 3 277
sw_L17_k08 62453 63202 140 259 3 277
sw_L17_k16 63202 63951 132 259 3 277
sw_L17_k24 63951 64700 124 259 3 277
sw_L18_k00 64700 65450 148 260 3 278
sw_L18_k08 65450 66200 140 260 3 278
sw_L18_k16 66200 66950 132 260 3 278
sw_L18_k24 66950 67700 124 260 3 278
sw_L19_k00 67700 68451 148 261 3 279
sw_L19_k08 68451 69202 140 261 3 279
sw_L19_k16 69202 69953 132 261 3 279
sw_L19_k24 69953 70704 124 261 3 279
sw_L20_k00 70704 71456 148 262 3 280
sw_L20_k08 71456 72208 140 262 3 280
sw_L20_k16 72208 72960 132 262 3 280
sw_L20_k24 72960 73712 124 262 3 280
sw_L21_k08 73712 74465 140 263 3 281
sw_L22_k08 74465 75219 140 264 3 282
sw_L23_k08 75219 75974 140 265 3 283
sw_L24_k08 75974 76730 140 266 3 284
sw_L25_k08 76730 77487 140 267 3 285
sw_L26_k08 77487 78245 140 268 3 286
sw_L27_k08 78245 79004 140 269 3 287
sw_L28_k08 79004 79764 140 270 3 288
sw_L29_k08 79764 80525 140 271 3 289
sw_L30_k08 80525 81287 140 272 3 290
sw_L31_k08 81287 82050 140 273 3 291
sw_L32_k08 82050 82814 140 274 3 292
sw_L33_k08 82814 83579 140 275 3 293
sw_L34_k08 83579 84345 140 276 3 294
sw_L35_k08 84345 85112 140 277 3 295
sw_L36_k08 85112 85880 140 278 3 296
sw_L37_k08 85880 86649 140 279 3 297
sw_L38_k08 86649 87419 140 280 3 298
sw_L39_k08 87419 88190 140 281 3 299
sw_L40_k08 88190 88962 140 282 3 300
sw_L41_k08 88962 89735 140 283 3 301
sw_L42_k08 89735 90509 140 284 3 302
sw_L43_k08 90509 91284 140 285 3 303
sw_L44_k08 91284 92060 140 286 3 304
sw_L45_k08 92060 92837 140 287 3 305
sw_L46_k08 92837 93615 140 288 3 306
sw_L47_k08 93615 94394 140 289 3 307
sw_L48_k08 94394 95174 140 290 3 308
sw_L49_k08 95174 95955 140 291 3 309
sw_L50_k08 95955 96737 140 292 3 310
sw_L51_k08 96737 97520 140 293 3 311
sw_L52_k08 97520 98304 140 294 3 312
sw_L53_k08 98304 99089 140 295 3 313
sw_L54_k08 99089 99875 140 296 3 314
sw_L55_k08 99875 100662 140 297 3 315
sw_L56_k08 100662 101450 140 298 3 316
sw_L57_k08 101450 102239 140 299 3 317
sw_L58_k08 102239 103029 140 300 3 318
sw_L59_k08 103029 103820 140 301 3 319
sw_L60_k08 103820 104612 140 302 3 320
sw_L61_k08 104612 105405 140 303 3 321
sw_L62_k08 105405 106199 140 304 3 322
sw_L63_k08 106199 106994 140 305 3 323
sw_L64_k08 106994 107790 140 306 3 324
