Q 1 1790762781.676612412 2934738925 1914105416 488368 114265227 
Q 2 1790762781.879940724 2934738925 1914105416 488368 114434155 
Q 3 1790762782.088325313 2934738925 1914105416 488368 114600149 
Q 4 1790762782.291833491 2935551916 1914918407 491295 114765722 
Q 5 1790762782.495792000 2935551916 1914918407 491295 114931810 
Q 6 1790762782.699408104 2935551916 1914918407 491295 115097572 
Q 7 1790762782.903412964 2935551916 1914918407 491295 115263034 
Q 8 1790762783.108131240 2935551916 1914918407 491295 115429478 
Q 9 1790762783.312483433 2936364921 1915731413 492554 115587624 
Q 10 1790762783.516458156 2936364921 1915731413 492554 115748382 
Q 11 1790762783.721104025 2936364921 1915731413 492554 115914822 
Q 12 1790762783.925481390 2936364921 1915731413 492554 116081186 
Q 13 1790762784.129542631 2936364921 1915731413 492554 116247173 
Q 14 1790762784.333284402 2936364921 1915731413 492554 116407486 
Q 15 1790762784.536662806 2936364921 1915731413 492554 116573540 
Q 16 1790762784.748005285 2937420007 1916786498 510326 116745353 
QUANTUM_DONE
