---- vivado exit=0 ----
# sec "S2_OPEN"
S2 >>>>>>>>>> S2_OPEN
# puts "S2_PART = [get_property part [current_project]]"
S2_PART = xcku5p-ffvb676-1-e
# puts "S2_IP_LOCKED = [get_property IS_LOCKED [get_ips pcs64]]"
S2_IP_LOCKED = 0
# sec "S2_ADD"
S2 >>>>>>>>>> S2_ADD
# puts "S2_VENDOR_FILE = $vrtl"
S2_VENDOR_FILE = D:/repo/XCKU5PMini/udp_hls_10g/_proj_10g/xxv_probe/pcs64_ex/pcs64_ex/imports/pcs64_pkt_gen_mon.v
# puts "S2_VENDOR_BYTES = [string length $vtxt]"
S2_VENDOR_BYTES = 145846
# sec "S2_VIO"
S2 >>>>>>>>>> S2_VIO
# puts "S2_VIO_NUMIN  = [get_property CONFIG.C_NUM_PROBE_IN  [get_ips vio_0]]"
S2_VIO_NUMIN  = 32
# puts "S2_VIO_NUMOUT = [get_property CONFIG.C_NUM_PROBE_OUT [get_ips vio_0]]"
S2_VIO_NUMOUT = 6
# puts "S2_VIO_W0     = [get_property CONFIG.C_PROBE_IN0_WIDTH [get_ips vio_0]]"
S2_VIO_W0     = 32
# puts "S2_VIO_W31    = [get_property CONFIG.C_PROBE_IN31_WIDTH [get_ips vio_0]]"
S2_VIO_W31    = 32
# puts "S2_TOP = [get_property top [current_fileset]]"
S2_TOP = xxv_loop_top
# puts "S2_NFILES = [llength [get_files -quiet]]"
S2_NFILES = 107
# foreach f [get_files -quiet -of [get_filesets constrs_1]] { puts "S2_CONSTR $f" }
S2_CONSTR D:/repo/XCKU5PMini/udp_hls_10g/_proj_10g/xxv_loop/xdc/xxv_loop.xdc
S2_CONSTR D:/repo/XCKU5PMini/udp_hls_10g/_proj_10g/xxv_loop/xdc/xxv_loop_impl.xdc
# sec "S2_SYNTH"
S2 >>>>>>>>>> S2_SYNTH
# puts "S2_SYNTH_LAUNCH = $e"
S2_SYNTH_LAUNCH = 0
# catch {puts "S2_SYNTH_STATUS = [get_property STATUS [get_runs synth_1]]"}
S2_SYNTH_STATUS = synth_design Complete!
# catch {puts "S2_SYNTH_PROGRESS = [get_property PROGRESS [get_runs synth_1]]"}
S2_SYNTH_PROGRESS = 100%
#     puts "S2_VERDICT = SYNTH_FAIL"
#     foreach lf [glob -nocomplain "$pdir/pcs64_2ch.runs/synth_1/runme.log"] { puts "S2_LOG $lf" }
# sec "S2_IMPL"
S2 >>>>>>>>>> S2_IMPL
# puts "S2_IMPL_LAUNCH = $e2"
S2_IMPL_LAUNCH = 
# catch {puts "S2_IMPL_STATUS = [get_property STATUS [get_runs impl_1]]"}
S2_IMPL_STATUS = write_bitstream Complete!
# catch {puts "S2_IMPL_PROGRESS = [get_property PROGRESS [get_runs impl_1]]"}
S2_IMPL_PROGRESS = 100%
# sec "S2_LOGGREP"
S2 >>>>>>>>>> S2_LOGGREP
#     puts "S2_LOGFILE $lf lines=$n"
#     foreach k $keys { puts "S2_GREP [file tail $lf] <$k> = [dict get $counts $k]" }
S2_LOGFILE D:/repo/XCKU5PMini/udp_hls_10g/_proj_10g/xxv_loop/pcs64_2ch/pcs64_2ch.runs/synth_1/runme.log lines=511
S2_GREP runme.log <implicitly declared> = 0
S2_GREP runme.log <Opt 31-155> = 0
S2_GREP runme.log <Opt 31-67> = 0
S2_GREP runme.log <Route 35-54> = 0
S2_GREP runme.log <Route 35-7> = 0
S2_GREP runme.log <AVAL-326> = 0
S2_GREP runme.log <NSTD-1> = 0
S2_GREP runme.log <UCIO-1> = 0
S2_GREP runme.log <12-4739> = 0
S2_GREP runme.log <not permitted> = 0
S2_GREP runme.log <multiple driver> = 0
S2_LOGFILE D:/repo/XCKU5PMini/udp_hls_10g/_proj_10g/xxv_loop/pcs64_2ch/pcs64_2ch.runs/impl_1/runme.log lines=874
S2_GREP runme.log <implicitly declared> = 0
S2_GREP runme.log <Opt 31-155> = 0
S2_GREP runme.log <Opt 31-67> = 0
S2_GREP runme.log <Route 35-54> = 0
S2_GREP runme.log <Route 35-7> = 0
S2_GREP runme.log <AVAL-326> = 0
S2_GREP runme.log <NSTD-1> = 0
S2_GREP runme.log <UCIO-1> = 0
S2_GREP runme.log <12-4739> = 0
S2_GREP runme.log <not permitted> = 0
S2_GREP runme.log <multiple driver> = 0
# sec "S2_TIMING"
S2 >>>>>>>>>> S2_TIMING
#             if {[string trim $line] ne ""} { puts "S2_TIMING $line" }
# } else { puts "S2_TIMING_MISSING $rpt" }
S2_TIMING | Design Timing Summary
# catch {puts "S2_WNS = [get_property SLACK [get_timing_paths -delay_type max -max_paths 1]]"}
S2_WNS = 1.755
# catch {puts "S2_WHS = [get_property SLACK [get_timing_paths -delay_type min -max_paths 1]]"}
S2_WHS = 0.010
# catch {puts "S2_TNS = [get_property SLACK [get_timing_paths -delay_type max -max_paths 1 -nworst 1000]]"}
S2_TNS = 1.755 1.755 1.840 1.840 1.861 1.861 1.869 1.869 1.874 1.874 1.886 1.886 1.935 1.935 1.956 1.956 1.960 1.960 1.964 1.964 1.975 1.975 2.041 2.041 2.044 2.044 2.187 2.187 2.234 2.234 2.234 2.234 2.234 2.234 2.234 2.234 2.235 2.235 2.235 2.235 2.317 2.317 2.342 2.342 2.361 2.361 2.361 2.361 2.361 2.361 2.361 2.361 2.362 2.362 2.362 2.362 2.365 2.365 2.365 2.365 2.365 2.365 2.365 2.365 2.365 2.365 2.365 2.365 2.366 2.366 2.366 2.366 2.366 2.366 2.366 2.366 2.366 2.366 2.366 2.366 2.387 2.387 2.387 2.387 2.403 2.403 2.414 2.414 2.420 2.420 2.428 2.428 2.429 2.429 2.432 2.432 2.435 2.435 2.435 2.435 2.438 2.438 2.447 2.447 2.447 2.447 2.447 2.447 2.457 2.457 2.459 2.459 2.459 2.459 2.465 2.465 2.465 2.465 2.465 2.465 2.465 2.465 2.465 2.465 2.465 2.465 2.466 2.466 2.466 2.466 2.466 2.466 2.466 2.466 2.466 2.466 2.466 2.466 2.466 2.466 2.466 2.466 2.471 2.471 2.471 2.471 2.474 2.474 2.486 2.486 2.489 2.489 2.493 2.493 2.493 2.493 2.493 2.493 2.493 2.493 2.493 2.493 2.493 2.493 2.494 2.494 2.494 2.494 2.494 2.494 2.494 2.494 2.494 2.494 2.494 2.494 2.524 2.524 2.524 2.524 2.524 2.524 2.530 2.530 2.539 2.539 2.539 2.539 2.539 2.539 2.539 2.539 2.541 2.541 2.541 2.541 2.541 2.541 2.541 2.541 2.541 2.541 2.541 2.541 2.541 2.541 2.541 2.541 2.542 2.542 2.542 2.542 2.542 2.542 2.542 2.542 2.542 2.542 2.542 2.542 2.543 2.543 2.543 2.543 2.543 2.543 2.543 2.543 2.544 2.544 2.547 2.547 2.547 2.547 2.547 2.547 2.547 2.547 2.548 2.548 2.548 2.548 2.548 2.548 2.548 2.548 2.548 2.548 2.548 2.548 2.558 2.558 2.559 2.559 2.559 2.559 2.559 2.559 2.559 2.559 2.559 2.559 2.560 2.560 2.560 2.560 2.563 2.563 2.563 2.563 2.563 2.563 2.563 2.563 2.563 2.563 2.563 2.563 2.563 2.563 2.563 2.563 2.563 2.563 2.563 2.563 2.563 2.563 2.563 2.563 2.563 2.563 2.563 2.563 2.564 2.564 2.575 2.575 2.575 2.575 2.576 2.576 2.582 2.582 2.582 2.582 2.582 2.582 2.582 2.582 2.583 2.583 2.583 2.583 2.586 2.586 2.587 2.587 2.587 2.587 2.592 2.592 2.592 2.592 2.592 2.592 2.592 2.592 2.592 2.592 2.592 2.592 2.593 2.593 2.593 2.593 2.593 2.593 2.593 2.593 2.593 2.593 2.593 2.593 2.593 2.593 2.593 2.593 2.596 2.596 2.596 2.596 2.596 2.596 2.596 2.596 2.598 2.598 2.599 2.599 2.599 2.599 2.599 2.599 2.599 2.599 2.599 2.599 2.599 2.599 2.600 2.600 2.600 2.600 2.600 2.600 2.600 2.600 2.603 2.603 2.603 2.603 2.603 2.603 2.603 2.603 2.605 2.605 2.605 2.605 2.605 2.605 2.605 2.605 2.609 2.609 2.609 2.609 2.609 2.609 2.609 2.609 2.613 2.613 2.613 2.613 2.613 2.613 2.613 2.613 2.613 2.613 2.613 2.613 2.613 2.613 2.613 2.613 2.613 2.613 2.613 2.613 2.613 2.613 2.613 2.613 2.613 2.613 2.613 2.613 2.613 2.613 2.613 2.613 2.619 2.619 2.619 2.619 2.619 2.619 2.619 2.619 2.620 2.620 2.620 2.620 2.620 2.620 2.620 2.620 2.622 2.622 2.622 2.622 2.622 2.622 2.622 2.622 2.623 2.623 2.623 2.623 2.623 2.623 2.623 2.623 2.623 2.623 2.623 2.623 2.624 2.624 2.624 2.624 2.624 2.624 2.624 2.624 2.624 2.624 2.624 2.624 2.625 2.625 2.625 2.625 2.625 2.625 2.625 2.625 2.626 2.626 2.626 2.626 2.626 2.626 2.626 2.626 2.628 2.628 2.628 2.628 2.628 2.628 2.628 2.628 2.629 2.629 2.629 2.629 2.629 2.629 2.629 2.629 2.630 2.630 2.630 2.630 2.630 2.630 2.630 2.630 2.638 2.638 2.638 2.638 2.638 2.638 2.638 2.638 2.638 2.638 2.638 2.638 2.646 2.646 2.646 2.646 2.646 2.646 2.646 2.646 2.646 2.646 2.646 2.646 2.651 2.651 2.651 2.651 2.651 2.651 2.651 2.651 2.651 2.651 2.651 2.651 2.651 2.651 2.651 2.651 2.652 2.652 2.652 2.652 2.652 2.652 2.652 2.652 2.652 2.652 2.652 2.652 2.654 2.654 2.654 2.654 2.654 2.654 2.654 2.654 2.654 2.654 2.656 2.656 2.656 2.656 2.656 2.656 2.656 2.656 2.657 2.657 2.657 2.657 2.657 2.657 2.657 2.657 2.659 2.659 2.660 2.660 2.660 2.660 2.660 2.660 2.660 2.660 2.661 2.661 2.661 2.661 2.661 2.661 2.661 2.661 2.662 2.662 2.662 2.662 2.662 2.662 2.662 2.662 2.664 2.664 2.664 2.664 2.664 2.664 2.664 2.664 2.664 2.664 2.664 2.664 2.664 2.664 2.664 2.664 2.664 2.664 2.664 2.664 2.664 2.664 2.664 2.664 2.664 2.664 2.664 2.664 2.664 2.664 2.664 2.664 2.665 2.665 2.665 2.665 2.665 2.665 2.665 2.665 2.666 2.666 2.666 2.666 2.666 2.666 2.666 2.666 2.666 2.666 2.666 2.666 2.666 2.666 2.666 2.666 2.667 2.667 2.667 2.667 2.667 2.667 2.667 2.667 2.667 2.667 2.667 2.667 2.667 2.667 2.667 2.667 2.667 2.667 2.667 2.667 2.667 2.667 2.667 2.667 2.667 2.667 2.667 2.667 2.667 2.667 2.667 2.667 2.667 2.667 2.667 2.667 2.667 2.667 2.667 2.667 2.667 2.667 2.667 2.667 2.667 2.667 2.667 2.667 2.667 2.667 2.667 2.667 2.667 2.667 2.667 2.667 2.668 2.668 2.668 2.668 2.668 2.668 2.668 2.668 2.668 2.668 2.668 2.668 2.668 2.668 2.668 2.668 2.668 2.668 2.668 2.668 2.668 2.668 2.668 2.668 2.669 2.669 2.669 2.669 2.669 2.669 2.669 2.669 2.669 2.669 2.669 2.669 2.669 2.669 2.669 2.669 2.669 2.669 2.669 2.669 2.669 2.669 2.669 2.669 2.670 2.670 2.670 2.670 2.670 2.670 2.670 2.670 2.670 2.670 2.670 2.670 2.670 2.670 2.670 2.670 2.670 2.670 2.670 2.670 2.670 2.670 2.671 2.671 2.671 2.671 2.671 2.671 2.671 2.671 2.671 2.671 2.671 2.671 2.671 2.671 2.671 2.671 2.671 2.671 2.671 2.671 2.671 2.671 2.671 2.671 2.671 2.671 2.671 2.671 2.672 2.672 2.672 2.672 2.672 2.672 2.672 2.672 2.672 2.672 2.672 2.672 2.672 2.672 2.672 2.672 2.674 2.674 2.674 2.674 2.674 2.674 2.674 2.674 2.674 2.674 2.674 2.674 2.674 2.674 2.674 2.674 2.675 2.675 2.675 2.675 2.675 2.675 2.675 2.675 2.676 2.676 2.676 2.676 2.676 2.676 2.676 2.676 2.676 2.676 2.676 2.676 2.676 2.676 2.676 2.676 2.676 2.676 2.676 2.676 2.677 2.677 2.677 2.677 2.677 2.677 2.677 2.677 2.677 2.677 2.677 2.677 2.677 2.677 2.677 2.677 2.680 2.680 2.680 2.680 2.680 2.680 2.680 2.680 2.680 2.680 2.680 2.680 2.680 2.680 2.680 2.680 2.681 2.681 2.681 2.681 2.681 2.681 2.681 2.681 2.682 2.682 2.682 2.682 2.682 2.682 2.682 2.682 2.684 2.684 2.684 2.684 2.684 2.684 2.684 2.684 2.685 2.685 2.685 2.685 2.685 2.685 2.685 2.685 2.685 2.685 2.685 2.685 2.685 2.685 2.685 2.685 2.685 2.685 2.685 2.685 2.685 2.685 2.685 2.685 2.686 2.686 2.686 2.686 2.686 2.686 2.686 2.686 2.686 2.686 2.686 2.686 2.686 2.686 2.686 2.686 2.686 2.686 2.686 2.686 2.686 2.686 2.686 2.686
# catch {puts "S2_THS = [get_property SLACK [get_timing_paths -delay_type min -max_paths 1 -nworst 1000]]"}
S2_THS = 0.010 0.010 0.013 0.013 0.014 0.014 0.016 0.016 0.016 0.016 0.017 0.017 0.017 0.017 0.018 0.018 0.019 0.019 0.020 0.020 0.021 0.021 0.023 0.023 0.023 0.023 0.024 0.024 0.025 0.025 0.025 0.025 0.026 0.026 0.026 0.026 0.026 0.026 0.027 0.027 0.028 0.028 0.030 0.030 0.030 0.030 0.030 0.030 0.030 0.030 0.030 0.030 0.030 0.030 0.030 0.030 0.030 0.030 0.030 0.030 0.031 0.031 0.031 0.031 0.032 0.032 0.032 0.032 0.032 0.032 0.033 0.033 0.033 0.033 0.033 0.033 0.033 0.033 0.033 0.033 0.033 0.033 0.034 0.034 0.034 0.034 0.034 0.034 0.034 0.034 0.034 0.034 0.034 0.034 0.034 0.034 0.035 0.035 0.035 0.035 0.035 0.035 0.035 0.035 0.035 0.035 0.036 0.036 0.036 0.036 0.036 0.036 0.036 0.036 0.036 0.036 0.036 0.036 0.036 0.036 0.036 0.036 0.036 0.036 0.036 0.036 0.036 0.036 0.036 0.036 0.036 0.036 0.036 0.036 0.037 0.037 0.037 0.037 0.037 0.037 0.037 0.037 0.037 0.037 0.037 0.037 0.037 0.037 0.037 0.037 0.037 0.037 0.037 0.037 0.038 0.038 0.038 0.038 0.038 0.038 0.038 0.038 0.038 0.038 0.039 0.039 0.039 0.039 0.039 0.039 0.039 0.039 0.039 0.039 0.039 0.039 0.039 0.039 0.039 0.039 0.039 0.039 0.039 0.039 0.039 0.039 0.039 0.039 0.039 0.039 0.039 0.039 0.039 0.039 0.039 0.039 0.039 0.039 0.039 0.039 0.039 0.039 0.039 0.039 0.039 0.039 0.040 0.040 0.040 0.040 0.040 0.040 0.040 0.040 0.040 0.040 0.040 0.040 0.040 0.040 0.040 0.040 0.040 0.040 0.040 0.040 0.040 0.040 0.040 0.040 0.040 0.040 0.040 0.040 0.040 0.040 0.040 0.040 0.040 0.040 0.040 0.040 0.040 0.040 0.040 0.040 0.040 0.040 0.040 0.040 0.040 0.040 0.040 0.040 0.041 0.041 0.041 0.041 0.041 0.041 0.041 0.041 0.041 0.041 0.041 0.041 0.041 0.041 0.041 0.041 0.041 0.041 0.041 0.041 0.041 0.041 0.041 0.041 0.041 0.041 0.041 0.041 0.041 0.041 0.041 0.041 0.041 0.041 0.041 0.041 0.042 0.042 0.042 0.042 0.042 0.042 0.042 0.042 0.042 0.042 0.042 0.042 0.042 0.042 0.042 0.042 0.042 0.042 0.042 0.042 0.042 0.042 0.042 0.042 0.042 0.042 0.042 0.042 0.042 0.042 0.042 0.042 0.042 0.042 0.042 0.042 0.042 0.042 0.042 0.042 0.042 0.042 0.042 0.042 0.042 0.042 0.042 0.042 0.042 0.042 0.042 0.042 0.042 0.042 0.042 0.042 0.043 0.043 0.043 0.043 0.043 0.043 0.043 0.043 0.043 0.043 0.043 0.043 0.043 0.043 0.043 0.043 0.043 0.043 0.043 0.043 0.043 0.043 0.043 0.043 0.043 0.043 0.043 0.043 0.043 0.043 0.043 0.043 0.043 0.043 0.043 0.043 0.043 0.043 0.043 0.043 0.043 0.043 0.043 0.043 0.044 0.044 0.044 0.044 0.044 0.044 0.044 0.044 0.044 0.044 0.044 0.044 0.044 0.044 0.044 0.044 0.044 0.044 0.044 0.044 0.044 0.044 0.044 0.044 0.044 0.044 0.044 0.044 0.044 0.044 0.044 0.044 0.044 0.044 0.044 0.044 0.044 0.044 0.044 0.044 0.044 0.044 0.044 0.044 0.044 0.044 0.044 0.044 0.044 0.044 0.044 0.044 0.044 0.044 0.044 0.044 0.044 0.044 0.044 0.044 0.044 0.044 0.044 0.044 0.044 0.044 0.044 0.044 0.044 0.044 0.044 0.044 0.045 0.045 0.045 0.045 0.045 0.045 0.045 0.045 0.045 0.045 0.045 0.045 0.045 0.045 0.045 0.045 0.045 0.045 0.045 0.045 0.045 0.045 0.045 0.045 0.045 0.045 0.045 0.045 0.045 0.045 0.045 0.045 0.046 0.046 0.046 0.046 0.046 0.046 0.046 0.046 0.046 0.046 0.046 0.046 0.046 0.046 0.046 0.046 0.046 0.046 0.046 0.046 0.046 0.046 0.046 0.046 0.046 0.046 0.046 0.046 0.046 0.046 0.046 0.046 0.046 0.046 0.046 0.046 0.046 0.046 0.046 0.046 0.046 0.046 0.046 0.046 0.046 0.046 0.046 0.046 0.046 0.046 0.046 0.046 0.046 0.046 0.046 0.046 0.046 0.046 0.046 0.046 0.046 0.046 0.046 0.046 0.047 0.047 0.047 0.047 0.047 0.047 0.047 0.047 0.047 0.047 0.047 0.047 0.047 0.047 0.047 0.047 0.047 0.047 0.047 0.047 0.047 0.047 0.047 0.047 0.047 0.047 0.047 0.047 0.047 0.047 0.047 0.047 0.047 0.047 0.047 0.047 0.047 0.047 0.047 0.047 0.047 0.047 0.047 0.047 0.047 0.047 0.047 0.047 0.047 0.047 0.047 0.047 0.048 0.048 0.048 0.048 0.048 0.048 0.048 0.048 0.048 0.048 0.048 0.048 0.048 0.048 0.048 0.048 0.048 0.048 0.048 0.048 0.048 0.048 0.048 0.048 0.048 0.048 0.048 0.048 0.048 0.048 0.048 0.048 0.048 0.048 0.048 0.048 0.048 0.048 0.048 0.048 0.048 0.048 0.048 0.048 0.048 0.048 0.048 0.048 0.048 0.048 0.048 0.048 0.048 0.048 0.048 0.048 0.048 0.048 0.048 0.048 0.048 0.048 0.048 0.048 0.048 0.048 0.048 0.048 0.048 0.048 0.048 0.048 0.048 0.048 0.048 0.048 0.048 0.048 0.048 0.048 0.048 0.048 0.048 0.048 0.049 0.049 0.049 0.049 0.049 0.049 0.049 0.049 0.049 0.049 0.049 0.049 0.049 0.049 0.049 0.049 0.049 0.049 0.049 0.049 0.049 0.049 0.049 0.049 0.049 0.049 0.049 0.049 0.049 0.049 0.049 0.049 0.049 0.049 0.049 0.049 0.049 0.049 0.049 0.049 0.049 0.049 0.049 0.049 0.049 0.049 0.049 0.049 0.049 0.049 0.049 0.049 0.049 0.049 0.049 0.049 0.049 0.049 0.049 0.049 0.049 0.049 0.049 0.049 0.049 0.049 0.050 0.050 0.050 0.050 0.050 0.050 0.050 0.050 0.050 0.050 0.050 0.050 0.050 0.050 0.050 0.050 0.050 0.050 0.050 0.050 0.050 0.050 0.050 0.050 0.050 0.050 0.050 0.050 0.050 0.050 0.050 0.050 0.050 0.050 0.050 0.050 0.050 0.050 0.050 0.050 0.050 0.050 0.050 0.050 0.050 0.050 0.050 0.050 0.050 0.050 0.050 0.050 0.050 0.050 0.050 0.050 0.050 0.050 0.050 0.050 0.050 0.050 0.050 0.050 0.050 0.050 0.050 0.050 0.050 0.050 0.050 0.050 0.050 0.050 0.050 0.050 0.050 0.050 0.050 0.050 0.050 0.050 0.050 0.050 0.050 0.050 0.050 0.050 0.050 0.050 0.050 0.050 0.050 0.050 0.050 0.050 0.050 0.050 0.050 0.050 0.050 0.050 0.050 0.050 0.050 0.050 0.050 0.050 0.050 0.050 0.050 0.050 0.050 0.050 0.050 0.050 0.050 0.050 0.050 0.050 0.050 0.050 0.050 0.050 0.050 0.050 0.050 0.050 0.050 0.050 0.050 0.050 0.050 0.050 0.050 0.050 0.050 0.050 0.050 0.050 0.050 0.050 0.050 0.050 0.050 0.050 0.050 0.050 0.050 0.050 0.050 0.050 0.050 0.050 0.051 0.051 0.051 0.051 0.051 0.051 0.051 0.051 0.051 0.051 0.051 0.051 0.051 0.051 0.051 0.051 0.051 0.051 0.051 0.051 0.051 0.051 0.051 0.051 0.051 0.051 0.051 0.051 0.051 0.051 0.051 0.051 0.051 0.051 0.051 0.051 0.051 0.051 0.051 0.051 0.051 0.051 0.051 0.051 0.051 0.051 0.051 0.051 0.051 0.051 0.051 0.051 0.051 0.051 0.051 0.051 0.051 0.051 0.051 0.051 0.051 0.051 0.051 0.051 0.051 0.051 0.051 0.051 0.051 0.051 0.051 0.051 0.051 0.051 0.051 0.051 0.051 0.051 0.051 0.051 0.051 0.051 0.051 0.051 0.051 0.051
# catch {puts "S2_WPWS = [get_property SLACK [get_timing_paths -delay_type min_max -max_paths 1]]"}
S2_WPWS = 0.010
# sec "S2_CG_DRYRUN"
S2 >>>>>>>>>> S2_CG_DRYRUN
# puts "S2_CG_all      = [get_clocks]"
S2_CG_all      = dclk gtrefclk0 qpll0clk_in[0] qpll0refclk_in[0] rxoutclk_out[0] txoutclk_out[0] txoutclkpcs_out[0] rxoutclk_out[0]_1 txoutclk_out[0]_1 txoutclkpcs_out[0]_1 dbg_hub/inst/BSCANID.u_xsdbm_id/SWITCH_N_EXT_BSCAN.bscan_inst/SERIES7_BSCAN.bscan_inst/INTERNAL_TCK USE_DIVIDER.dclk_mmcm
# puts "S2_CG_dclk     = [get_clocks -include_generated_clocks dclk]"
S2_CG_dclk     = dclk USE_DIVIDER.dclk_mmcm
# puts "S2_CG_gtrefclk = [get_clocks -include_generated_clocks gtrefclk0]"
S2_CG_gtrefclk = gtrefclk0 qpll0clk_in[0] qpll0refclk_in[0] rxoutclk_out[0] txoutclk_out[0] txoutclkpcs_out[0] rxoutclk_out[0]_1 txoutclk_out[0]_1 txoutclkpcs_out[0]_1
# catch {puts "S2_CG_dbg_n   = [llength [get_debug_cores dbg_hub]]"}
S2_CG_dbg_n   = 1
# catch {puts "S2_CG_sync_n  = [llength [get_cells -hier -filter {NAME =~ *cdc_sync2*}]]"}
S2_CG_sync_n  = 0
# catch {puts "S2_CG_snap_n  = [llength [get_cells -hier -filter {NAME =~ *snap_hold*}]]"}
S2_CG_snap_n  = 0
# catch {puts "S2_CG_obs_n   = [llength [get_cells -hier -filter {NAME =~ *obs_reg*}]]"}
S2_CG_obs_n   = 0
# catch {puts "S2_CG_rfchk_n = [llength [get_cells -hier -filter {NAME =~ *u_chk1*}]]"}
S2_CG_rfchk_n = 732
# sec "S2_UTIL"
S2 >>>>>>>>>> S2_UTIL
#             if {[string first $k $t] == 0} { puts "S2_UTIL $t" ; break }
# } else { puts "S2_UTIL_MISSING $urpt" }
# sec "S2_BIT"
S2 >>>>>>>>>> S2_BIT
#     puts "S2_BIT $b size=[file size $b]"
#     puts "S2_SHA256 $sha"
S2_BIT D:/repo/XCKU5PMini/udp_hls_10g/_proj_10g/xxv_loop/pcs64_2ch/pcs64_2ch.runs/impl_1/xxv_loop_top.bit size=15431263
S2_SHA256 65334a4a12d4e1170d3ec6388275baedd8b6a5d0c006534695798d7fce88932a *D:/repo/XCKU5PMini/udp_hls_10g/_proj_10g/xxv_loop/pcs64_2ch/pcs64_2ch.runs/impl_1/xxv_loop_top.bit
# puts "S2_LTX = $ltx"
S2_LTX = D:/repo/XCKU5PMini/udp_hls_10g/_proj_10g/xxv_loop/pcs64_2ch/pcs64_2ch.runs/impl_1/debug_nets.ltx D:/repo/XCKU5PMini/udp_hls_10g/_proj_10g/xxv_loop/pcs64_2ch/pcs64_2ch.runs/impl_1/xxv_loop_top.ltx
# if {[llength $bs] > 0} { puts "S2_VERDICT = PASS_BITSTREAM" } else { puts "S2_VERDICT = NO_BITSTREAM" }
S2_VERDICT = PASS_BITSTREAM
