---- vivado exit=0 ----
# sec "S2_OPEN"
S2 >>>>>>>>>> S2_OPEN
# puts "S2_PART = [get_property part [current_project]]"
S2_PART = xcku5p-ffvb676-1-e
# puts "S2_IP_LOCKED = [get_property IS_LOCKED [get_ips pcs64]]"
S2_IP_LOCKED = 0
# sec "S2_ADD"
S2 >>>>>>>>>> S2_ADD
# puts "S2_VENDOR_FILE = $vrtl"
S2_VENDOR_FILE = D:/repo/XCKU5PMini/udp_hls_10g/_proj_10g/xxv_probe/pcs64_ex/pcs64_ex/imports/pcs64_pkt_gen_mon.v
# puts "S2_VENDOR_BYTES = [string length $vtxt]"
S2_VENDOR_BYTES = 145846
# sec "S2_VIO"
S2 >>>>>>>>>> S2_VIO
#     puts "S2_VIO_REMOVE_STALE $xf"
#     if {[file exists $d]} { file delete -force $d ; puts "S2_VIO_RMDIR $d" }
# puts "S2_VIO_NUMIN  = [get_property CONFIG.C_NUM_PROBE_IN  [get_ips vio_0]]"
S2_VIO_NUMIN  = 36
# puts "S2_VIO_NUMOUT = [get_property CONFIG.C_NUM_PROBE_OUT [get_ips vio_0]]"
S2_VIO_NUMOUT = 6
# puts "S2_VIO_W0     = [get_property CONFIG.C_PROBE_IN0_WIDTH [get_ips vio_0]]"
S2_VIO_W0     = 32
# puts "S2_VIO_W31    = [get_property CONFIG.C_PROBE_IN31_WIDTH [get_ips vio_0]]"
S2_VIO_W31    = 32
# puts "S2_VIO_W35    = [get_property CONFIG.C_PROBE_IN35_WIDTH [get_ips vio_0]]"
S2_VIO_W35    = 32
# puts "S2_TOP = [get_property top [current_fileset]]"
S2_TOP = xxv_loop_top
# puts "S2_NFILES = [llength [get_files -quiet]]"
S2_NFILES = 107
# foreach f [get_files -quiet -of [get_filesets constrs_1]] { puts "S2_CONSTR $f" }
S2_CONSTR D:/repo/XCKU5PMini/udp_hls_10g/_proj_10g/xxv_loop/xdc/xxv_loop.xdc
S2_CONSTR D:/repo/XCKU5PMini/udp_hls_10g/_proj_10g/xxv_loop/xdc/xxv_loop_impl.xdc
# sec "S2_SYNTH"
S2 >>>>>>>>>> S2_SYNTH
# puts "S2_SYNTH_LAUNCH = $e"
S2_SYNTH_LAUNCH = 0
# catch {puts "S2_SYNTH_STATUS = [get_property STATUS [get_runs synth_1]]"}
S2_SYNTH_STATUS = synth_design Complete!
# catch {puts "S2_SYNTH_PROGRESS = [get_property PROGRESS [get_runs synth_1]]"}
S2_SYNTH_PROGRESS = 100%
#     puts "S2_VERDICT = SYNTH_FAIL"
#     foreach lf [glob -nocomplain "$pdir/pcs64_2ch.runs/synth_1/runme.log"] { puts "S2_LOG $lf" }
# sec "S2_IMPL"
S2 >>>>>>>>>> S2_IMPL
# puts "S2_IMPL_LAUNCH = $e2"
S2_IMPL_LAUNCH = 
# catch {puts "S2_IMPL_STATUS = [get_property STATUS [get_runs impl_1]]"}
S2_IMPL_STATUS = write_bitstream Complete!
# catch {puts "S2_IMPL_PROGRESS = [get_property PROGRESS [get_runs impl_1]]"}
S2_IMPL_PROGRESS = 100%
# sec "S2_LOGGREP"
S2 >>>>>>>>>> S2_LOGGREP
#     puts "S2_LOGFILE $lf lines=$n"
#     foreach k $keys { puts "S2_GREP [file tail $lf] <$k> = [dict get $counts $k]" }
S2_LOGFILE D:/repo/XCKU5PMini/udp_hls_10g/_proj_10g/xxv_loop/pcs64_2ch/pcs64_2ch.runs/synth_1/runme.log lines=580
S2_GREP runme.log <implicitly declared> = 0
S2_GREP runme.log <Opt 31-155> = 0
S2_GREP runme.log <Opt 31-67> = 0
S2_GREP runme.log <Route 35-54> = 0
S2_GREP runme.log <Route 35-7> = 0
S2_GREP runme.log <AVAL-326> = 0
S2_GREP runme.log <NSTD-1> = 0
S2_GREP runme.log <UCIO-1> = 0
S2_GREP runme.log <12-4739> = 0
S2_GREP runme.log <not permitted> = 0
S2_GREP runme.log <multiple driver> = 0
S2_LOGFILE D:/repo/XCKU5PMini/udp_hls_10g/_proj_10g/xxv_loop/pcs64_2ch/pcs64_2ch.runs/impl_1/runme.log lines=878
S2_GREP runme.log <implicitly declared> = 0
S2_GREP runme.log <Opt 31-155> = 0
S2_GREP runme.log <Opt 31-67> = 0
S2_GREP runme.log <Route 35-54> = 0
S2_GREP runme.log <Route 35-7> = 0
S2_GREP runme.log <AVAL-326> = 0
S2_GREP runme.log <NSTD-1> = 0
S2_GREP runme.log <UCIO-1> = 0
S2_GREP runme.log <12-4739> = 0
S2_GREP runme.log <not permitted> = 0
S2_GREP runme.log <multiple driver> = 0
# sec "S2_TIMING"
S2 >>>>>>>>>> S2_TIMING
#             if {[string trim $line] ne ""} { puts "S2_TIMING $line" }
# } else { puts "S2_TIMING_MISSING $rpt" }
S2_TIMING | Design Timing Summary
# catch {puts "S2_WNS = [get_property SLACK [get_timing_paths -delay_type max -max_paths 1]]"}
S2_WNS = 1.404
# catch {puts "S2_WHS = [get_property SLACK [get_timing_paths -delay_type min -max_paths 1]]"}
S2_WHS = 0.011
# catch {puts "S2_TNS = [get_property SLACK [get_timing_paths -delay_type max -max_paths 1 -nworst 1000]]"}
S2_TNS = 1.404 1.404 1.584 1.584 1.584 1.584 1.592 1.592 1.592 1.592 1.600 1.600 1.631 1.631 1.631 1.631 1.639 1.639 1.639 1.639 1.681 1.681 1.681 1.681 1.693 1.693 1.725 1.725 1.770 1.770 1.774 1.774 1.786 1.786 1.831 1.831 1.832 1.832 1.852 1.852 1.861 1.861 1.880 1.880 1.888 1.888 1.906 1.906 1.927 1.927 1.934 1.934 1.934 1.934 1.935 1.935 1.939 1.939 1.947 1.947 1.951 1.951 1.957 1.957 1.959 1.959 1.959 1.959 1.998 1.998 1.998 1.998 1.998 1.998 2.006 2.006 2.006 2.006 2.008 2.008 2.014 2.014 2.016 2.016 2.025 2.025 2.037 2.037 2.060 2.060 2.086 2.086 2.093 2.093 2.118 2.118 2.118 2.118 2.134 2.134 2.135 2.135 2.142 2.142 2.142 2.142 2.177 2.177 2.177 2.177 2.199 2.199 2.244 2.244 2.244 2.244 2.246 2.246 2.250 2.250 2.250 2.250 2.253 2.253 2.254 2.254 2.254 2.254 2.331 2.331 2.372 2.372 2.372 2.372 2.390 2.390 2.419 2.419 2.427 2.427 2.523 2.523 2.523 2.523 2.526 2.526 2.541 2.541 2.574 2.574 2.620 2.620 2.645 2.645 2.662 2.662 2.675 2.675 2.691 2.691 2.691 2.691 2.692 2.692 2.717 2.717 2.729 2.729 2.740 2.740 2.740 2.740 2.740 2.740 2.740 2.740 2.744 2.744 2.744 2.744 2.744 2.744 2.744 2.744 2.746 2.746 2.746 2.746 2.746 2.746 2.746 2.746 2.748 2.748 2.750 2.750 2.750 2.750 2.750 2.750 2.750 2.750 2.756 2.756 2.765 2.765 2.769 2.769 2.770 2.770 2.770 2.770 2.780 2.780 2.784 2.784 2.786 2.786 2.796 2.796 2.797 2.797 2.797 2.797 2.797 2.797 2.797 2.797 2.797 2.797 2.801 2.801 2.801 2.801 2.801 2.801 2.801 2.801 2.801 2.801 2.804 2.804 2.807 2.807 2.814 2.814 2.828 2.828 2.837 2.837 2.837 2.837 2.847 2.847 2.850 2.850 2.850 2.850 2.850 2.850 2.869 2.869 2.872 2.872 2.872 2.872 2.873 2.873 2.873 2.873 2.873 2.873 2.873 2.873 2.873 2.873 2.877 2.877 2.877 2.877 2.877 2.877 2.877 2.877 2.881 2.881 2.884 2.884 2.887 2.887 2.887 2.887 2.890 2.890 2.890 2.890 2.894 2.894 2.902 2.902 2.903 2.903 2.906 2.906 2.917 2.917 2.921 2.921 2.922 2.922 2.925 2.925 2.926 2.926 2.927 2.927 2.927 2.927 2.928 2.928 2.930 2.930 2.932 2.932 2.932 2.932 2.935 2.935 2.935 2.935 2.935 2.935 2.936 2.936 2.936 2.936 2.936 2.936 2.944 2.944 2.945 2.945 2.948 2.948 2.953 2.953 2.956 2.956 2.957 2.957 2.957 2.957 2.957 2.957 2.957 2.957 2.961 2.961 2.961 2.961 2.962 2.962 2.966 2.966 2.968 2.968 2.970 2.970 2.971 2.971 2.973 2.973 2.974 2.974 2.974 2.974 2.974 2.974 2.976 2.976 2.977 2.977 2.977 2.977 2.978 2.978 2.984 2.984 2.988 2.988 2.989 2.989 2.989 2.989 2.989 2.989 2.989 2.989 2.993 2.993 2.993 2.993 2.993 2.993 2.993 2.993 2.993 2.993 2.994 2.994 2.995 2.995 2.995 2.995 2.996 2.996 2.996 2.996 2.998 2.998 2.998 2.998 3.007 3.007 3.007 3.007 3.008 3.008 3.009 3.009 3.009 3.009 3.010 3.010 3.011 3.011 3.011 3.011 3.011 3.011 3.014 3.014 3.014 3.014 3.014 3.014 3.014 3.014 3.015 3.015 3.016 3.016 3.017 3.017 3.018 3.018 3.018 3.018 3.018 3.018 3.020 3.020 3.024 3.024 3.024 3.024 3.025 3.025 3.025 3.025 3.025 3.025 3.025 3.025 3.025 3.025 3.025 3.025 3.027 3.027 3.027 3.027 3.028 3.028 3.028 3.028 3.029 3.029 3.030 3.030 3.030 3.030 3.032 3.032 3.035 3.035 3.036 3.036 3.036 3.036 3.036 3.036 3.036 3.036 3.036 3.036 3.036 3.036 3.038 3.038 3.038 3.038 3.038 3.038 3.038 3.038 3.040 3.040 3.040 3.040 3.041 3.041 3.041 3.041 3.043 3.043 3.043 3.043 3.045 3.045 3.046 3.046 3.046 3.046 3.047 3.047 3.048 3.048 3.048 3.048 3.048 3.048 3.048 3.048 3.049 3.049 3.051 3.051 3.051 3.051 3.051 3.051 3.052 3.052 3.056 3.056 3.056 3.056 3.058 3.058 3.058 3.058 3.059 3.059 3.060 3.060 3.061 3.061 3.061 3.061 3.061 3.061 3.062 3.062 3.062 3.062 3.062 3.062 3.062 3.062 3.063 3.063 3.064 3.064 3.064 3.064 3.064 3.064 3.064 3.064 3.064 3.064 3.064 3.064 3.065 3.065 3.065 3.065 3.067 3.067 3.068 3.068 3.068 3.068 3.069 3.069 3.070 3.070 3.074 3.074 3.074 3.074 3.075 3.075 3.075 3.075 3.075 3.075 3.075 3.075 3.077 3.077 3.077 3.077 3.077 3.077 3.077 3.077 3.077 3.077 3.077 3.077 3.078 3.078 3.078 3.078 3.078 3.078 3.078 3.078 3.078 3.078 3.079 3.079 3.079 3.079 3.079 3.079 3.081 3.081 3.081 3.081 3.081 3.081 3.081 3.081 3.081 3.081 3.081 3.081 3.083 3.083 3.087 3.087 3.089 3.089 3.091 3.091 3.092 3.092 3.093 3.093 3.093 3.093 3.093 3.093 3.094 3.094 3.095 3.095 3.097 3.097 3.098 3.098 3.099 3.099 3.102 3.102 3.103 3.103 3.103 3.103 3.105 3.105 3.109 3.109 3.111 3.111 3.111 3.111 3.114 3.114 3.115 3.115 3.115 3.115 3.116 3.116 3.116 3.116 3.116 3.116 3.116 3.116 3.119 3.119 3.120 3.120 3.123 3.123 3.124 3.124 3.125 3.125 3.125 3.125 3.125 3.125 3.125 3.125 3.125 3.125 3.127 3.127 3.127 3.127 3.127 3.127 3.127 3.127 3.127 3.127 3.129 3.129 3.129 3.129 3.129 3.129 3.129 3.129 3.130 3.130 3.131 3.131 3.131 3.131 3.131 3.131 3.131 3.131 3.131 3.131 3.131 3.131 3.132 3.132 3.132 3.132 3.134 3.134 3.134 3.134 3.134 3.134 3.134 3.134 3.134 3.134 3.134 3.134 3.134 3.134 3.134 3.134 3.135 3.135 3.136 3.136 3.137 3.137 3.137 3.137 3.137 3.137 3.137 3.137 3.137 3.137 3.137 3.137 3.137 3.137 3.137 3.137 3.137 3.137 3.138 3.138 3.138 3.138 3.139 3.139 3.139 3.139 3.139 3.139 3.139 3.139 3.139 3.139 3.139 3.139 3.140 3.140 3.141 3.141 3.141 3.141 3.141 3.141 3.141 3.141 3.141 3.141 3.141 3.141 3.142 3.142 3.142 3.142 3.144 3.144 3.144 3.144 3.144 3.144 3.144 3.144 3.144 3.144 3.144 3.144 3.144 3.144 3.144 3.144 3.144 3.144 3.144 3.144 3.144 3.144 3.144 3.144 3.144 3.144 3.144 3.144 3.144 3.144 3.145 3.145 3.145 3.145 3.146 3.146 3.146 3.146 3.147 3.147 3.147 3.147 3.148 3.148 3.148 3.148 3.150 3.150 3.151 3.151 3.151 3.151 3.151 3.151 3.152 3.152 3.153 3.153 3.154 3.154 3.154 3.154 3.155 3.155 3.156 3.156 3.156 3.156 3.157 3.157 3.158 3.158 3.159 3.159 3.159 3.159 3.160 3.160 3.162 3.162 3.162 3.162 3.162 3.162 3.162 3.162 3.162 3.162 3.162 3.162 3.162 3.162 3.162 3.162 3.162 3.162 3.162 3.162 3.162 3.162 3.162 3.162 3.162 3.162 3.162 3.162 3.162 3.162 3.162 3.162 3.164 3.164 3.164 3.164 3.164 3.164 3.165 3.165 3.166 3.166 3.166 3.166 3.166 3.166 3.168 3.168 3.169 3.169 3.169 3.169 3.170 3.170 3.170 3.170 3.171 3.171 3.172 3.172 3.174 3.174 3.175 3.175 3.176 3.176 3.177 3.177 3.177 3.177 3.178 3.178 3.179 3.179 3.179 3.179 3.179 3.179 3.179 3.179 3.179 3.179
# catch {puts "S2_THS = [get_property SLACK [get_timing_paths -delay_type min -max_paths 1 -nworst 1000]]"}
S2_THS = 0.011 0.011 0.012 0.012 0.012 0.012 0.013 0.013 0.015 0.015 0.016 0.016 0.016 0.016 0.020 0.020 0.020 0.020 0.023 0.023 0.023 0.023 0.023 0.023 0.024 0.024 0.024 0.024 0.024 0.024 0.025 0.025 0.025 0.025 0.025 0.025 0.026 0.026 0.026 0.026 0.026 0.026 0.027 0.027 0.028 0.028 0.028 0.028 0.028 0.028 0.029 0.029 0.029 0.029 0.029 0.029 0.029 0.029 0.029 0.029 0.030 0.030 0.030 0.030 0.031 0.031 0.031 0.031 0.031 0.031 0.031 0.031 0.031 0.031 0.031 0.031 0.031 0.031 0.032 0.032 0.032 0.032 0.032 0.032 0.032 0.032 0.032 0.032 0.032 0.032 0.033 0.033 0.033 0.033 0.033 0.033 0.033 0.033 0.033 0.033 0.033 0.033 0.033 0.033 0.033 0.033 0.033 0.033 0.033 0.033 0.033 0.033 0.033 0.033 0.033 0.033 0.033 0.033 0.033 0.033 0.033 0.033 0.033 0.033 0.033 0.033 0.033 0.033 0.033 0.033 0.033 0.033 0.033 0.033 0.033 0.033 0.033 0.033 0.034 0.034 0.034 0.034 0.034 0.034 0.035 0.035 0.035 0.035 0.035 0.035 0.036 0.036 0.036 0.036 0.036 0.036 0.036 0.036 0.036 0.036 0.036 0.036 0.036 0.036 0.037 0.037 0.037 0.037 0.037 0.037 0.037 0.037 0.037 0.037 0.037 0.037 0.037 0.037 0.037 0.037 0.037 0.037 0.037 0.037 0.037 0.037 0.037 0.037 0.037 0.037 0.037 0.037 0.037 0.037 0.038 0.038 0.038 0.038 0.038 0.038 0.038 0.038 0.038 0.038 0.038 0.038 0.038 0.038 0.038 0.038 0.038 0.038 0.039 0.039 0.039 0.039 0.039 0.039 0.039 0.039 0.039 0.039 0.039 0.039 0.039 0.039 0.039 0.039 0.039 0.039 0.039 0.039 0.039 0.039 0.039 0.039 0.039 0.039 0.039 0.039 0.039 0.039 0.039 0.039 0.039 0.039 0.039 0.039 0.039 0.039 0.039 0.039 0.039 0.039 0.039 0.039 0.039 0.039 0.039 0.039 0.040 0.040 0.040 0.040 0.040 0.040 0.040 0.040 0.040 0.040 0.040 0.040 0.040 0.040 0.040 0.040 0.040 0.040 0.040 0.040 0.040 0.040 0.040 0.040 0.040 0.040 0.040 0.040 0.040 0.040 0.040 0.040 0.040 0.040 0.041 0.041 0.041 0.041 0.041 0.041 0.041 0.041 0.041 0.041 0.041 0.041 0.041 0.041 0.041 0.041 0.041 0.041 0.041 0.041 0.041 0.041 0.041 0.041 0.041 0.041 0.041 0.041 0.041 0.041 0.041 0.041 0.041 0.041 0.041 0.041 0.041 0.041 0.041 0.041 0.041 0.041 0.041 0.041 0.041 0.041 0.041 0.041 0.041 0.041 0.041 0.041 0.042 0.042 0.042 0.042 0.042 0.042 0.042 0.042 0.042 0.042 0.042 0.042 0.042 0.042 0.042 0.042 0.042 0.042 0.042 0.042 0.042 0.042 0.042 0.042 0.042 0.042 0.042 0.042 0.042 0.042 0.042 0.042 0.042 0.042 0.042 0.042 0.042 0.042 0.042 0.042 0.042 0.042 0.042 0.042 0.042 0.042 0.042 0.042 0.042 0.042 0.042 0.042 0.042 0.042 0.042 0.042 0.042 0.042 0.042 0.042 0.042 0.042 0.042 0.042 0.042 0.042 0.042 0.042 0.042 0.042 0.042 0.042 0.042 0.042 0.042 0.042 0.042 0.042 0.042 0.042 0.042 0.042 0.042 0.042 0.042 0.042 0.042 0.042 0.042 0.042 0.042 0.042 0.042 0.042 0.042 0.042 0.042 0.042 0.042 0.042 0.042 0.042 0.042 0.042 0.042 0.042 0.042 0.042 0.042 0.042 0.043 0.043 0.043 0.043 0.043 0.043 0.043 0.043 0.043 0.043 0.043 0.043 0.043 0.043 0.043 0.043 0.043 0.043 0.043 0.043 0.043 0.043 0.043 0.043 0.043 0.043 0.043 0.043 0.043 0.043 0.043 0.043 0.043 0.043 0.043 0.043 0.043 0.043 0.043 0.043 0.043 0.043 0.043 0.043 0.043 0.043 0.043 0.043 0.043 0.043 0.043 0.043 0.043 0.043 0.043 0.043 0.043 0.043 0.043 0.043 0.043 0.043 0.043 0.043 0.043 0.043 0.044 0.044 0.044 0.044 0.044 0.044 0.044 0.044 0.044 0.044 0.044 0.044 0.044 0.044 0.044 0.044 0.044 0.044 0.044 0.044 0.044 0.044 0.044 0.044 0.044 0.044 0.044 0.044 0.044 0.044 0.044 0.044 0.044 0.044 0.044 0.044 0.044 0.044 0.044 0.044 0.044 0.044 0.044 0.044 0.044 0.044 0.044 0.044 0.044 0.044 0.044 0.044 0.044 0.044 0.044 0.044 0.044 0.044 0.044 0.044 0.044 0.044 0.044 0.044 0.044 0.044 0.044 0.044 0.044 0.044 0.045 0.045 0.045 0.045 0.045 0.045 0.045 0.045 0.045 0.045 0.045 0.045 0.045 0.045 0.045 0.045 0.045 0.045 0.045 0.045 0.045 0.045 0.045 0.045 0.045 0.045 0.045 0.045 0.045 0.045 0.045 0.045 0.045 0.045 0.045 0.045 0.045 0.045 0.045 0.045 0.045 0.045 0.045 0.045 0.045 0.045 0.045 0.045 0.045 0.045 0.045 0.045 0.045 0.045 0.045 0.045 0.045 0.045 0.045 0.045 0.045 0.045 0.045 0.045 0.045 0.045 0.045 0.045 0.046 0.046 0.046 0.046 0.046 0.046 0.046 0.046 0.046 0.046 0.046 0.046 0.046 0.046 0.046 0.046 0.046 0.046 0.046 0.046 0.046 0.046 0.046 0.046 0.046 0.046 0.046 0.046 0.046 0.046 0.046 0.046 0.046 0.046 0.046 0.046 0.046 0.046 0.046 0.046 0.046 0.046 0.046 0.046 0.046 0.046 0.046 0.046 0.046 0.046 0.046 0.046 0.046 0.046 0.046 0.046 0.046 0.046 0.046 0.046 0.046 0.046 0.046 0.046 0.046 0.046 0.046 0.046 0.046 0.046 0.046 0.046 0.046 0.046 0.046 0.046 0.046 0.046 0.046 0.046 0.047 0.047 0.047 0.047 0.047 0.047 0.047 0.047 0.047 0.047 0.047 0.047 0.047 0.047 0.047 0.047 0.047 0.047 0.047 0.047 0.047 0.047 0.047 0.047 0.047 0.047 0.047 0.047 0.047 0.047 0.047 0.047 0.047 0.047 0.047 0.047 0.047 0.047 0.047 0.047 0.047 0.047 0.047 0.047 0.047 0.047 0.047 0.047 0.047 0.047 0.047 0.047 0.047 0.047 0.047 0.047 0.047 0.047 0.047 0.047 0.047 0.047 0.047 0.047 0.047 0.047 0.047 0.047 0.047 0.047 0.047 0.047 0.048 0.048 0.048 0.048 0.048 0.048 0.048 0.048 0.048 0.048 0.048 0.048 0.048 0.048 0.048 0.048 0.048 0.048 0.048 0.048 0.048 0.048 0.048 0.048 0.048 0.048 0.048 0.048 0.048 0.048 0.048 0.048 0.048 0.048 0.048 0.048 0.048 0.048 0.048 0.048 0.048 0.048 0.048 0.048 0.048 0.048 0.048 0.048 0.048 0.048 0.048 0.048 0.048 0.048 0.048 0.048 0.048 0.048 0.048 0.048 0.048 0.048 0.048 0.048 0.048 0.048 0.048 0.048 0.048 0.048 0.048 0.048 0.048 0.048 0.048 0.048 0.048 0.048 0.048 0.048 0.048 0.048 0.048 0.048 0.048 0.048 0.048 0.048 0.048 0.048 0.048 0.048 0.048 0.048 0.048 0.048 0.048 0.048 0.048 0.048 0.048 0.048 0.048 0.048 0.048 0.048 0.048 0.048 0.048 0.048 0.048 0.048 0.049 0.049 0.049 0.049 0.049 0.049 0.049 0.049 0.049 0.049 0.049 0.049 0.049 0.049 0.049 0.049 0.049 0.049 0.049 0.049 0.049 0.049 0.049 0.049 0.049 0.049 0.049 0.049 0.049 0.049 0.049 0.049 0.049 0.049 0.049 0.049 0.049 0.049 0.049 0.049 0.049 0.049 0.049 0.049 0.049 0.049 0.049 0.049 0.049 0.049 0.049 0.049 0.049 0.049 0.049 0.049 0.049 0.049 0.049 0.049 0.049 0.049 0.049 0.049 0.049 0.049 0.049 0.049 0.049 0.049 0.049 0.049 0.049 0.049 0.049 0.049
# catch {puts "S2_WPWS = [get_property SLACK [get_timing_paths -delay_type min_max -max_paths 1]]"}
S2_WPWS = 0.011
# sec "S2_CG_DRYRUN"
S2 >>>>>>>>>> S2_CG_DRYRUN
# puts "S2_CG_all      = [get_clocks]"
S2_CG_all      = dclk gtrefclk0 qpll0clk_in[0] qpll0refclk_in[0] rxoutclk_out[0] txoutclk_out[0] txoutclkpcs_out[0] rxoutclk_out[0]_1 txoutclk_out[0]_1 txoutclkpcs_out[0]_1 dbg_hub/inst/BSCANID.u_xsdbm_id/SWITCH_N_EXT_BSCAN.bscan_inst/SERIES7_BSCAN.bscan_inst/INTERNAL_TCK USE_DIVIDER.dclk_mmcm
# puts "S2_CG_dclk     = [get_clocks -include_generated_clocks dclk]"
S2_CG_dclk     = dclk USE_DIVIDER.dclk_mmcm
# puts "S2_CG_gtrefclk = [get_clocks -include_generated_clocks gtrefclk0]"
S2_CG_gtrefclk = gtrefclk0 qpll0clk_in[0] qpll0refclk_in[0] rxoutclk_out[0] txoutclk_out[0] txoutclkpcs_out[0] rxoutclk_out[0]_1 txoutclk_out[0]_1 txoutclkpcs_out[0]_1
# catch {puts "S2_CG_dbg_n   = [llength [get_debug_cores dbg_hub]]"}
S2_CG_dbg_n   = 1
# catch {puts "S2_CG_sync_n  = [llength [get_cells -hier -filter {NAME =~ *cdc_sync2*}]]"}
S2_CG_sync_n  = 0
# catch {puts "S2_CG_snap_n  = [llength [get_cells -hier -filter {NAME =~ *snap_hold*}]]"}
S2_CG_snap_n  = 0
# catch {puts "S2_CG_obs_n   = [llength [get_cells -hier -filter {NAME =~ *obs_reg*}]]"}
S2_CG_obs_n   = 0
# catch {puts "S2_CG_rfchk_n = [llength [get_cells -hier -filter {NAME =~ *u_chk1*}]]"}
S2_CG_rfchk_n = 734
# sec "S2_UTIL"
S2 >>>>>>>>>> S2_UTIL
#             if {[string first $k $t] == 0} { puts "S2_UTIL $t" ; break }
# } else { puts "S2_UTIL_MISSING $urpt" }
# sec "S2_BIT"
S2 >>>>>>>>>> S2_BIT
#     puts "S2_BIT $b size=[file size $b]"
#     puts "S2_SHA256 $sha"
S2_BIT D:/repo/XCKU5PMini/udp_hls_10g/_proj_10g/xxv_loop/pcs64_2ch/pcs64_2ch.runs/impl_1/xxv_loop_top.bit size=15431263
S2_SHA256 5560375b05850387b482e869e2734166db72631846d982339a2e1ec38b72ee2c *D:/repo/XCKU5PMini/udp_hls_10g/_proj_10g/xxv_loop/pcs64_2ch/pcs64_2ch.runs/impl_1/xxv_loop_top.bit
# puts "S2_LTX = $ltx"
S2_LTX = D:/repo/XCKU5PMini/udp_hls_10g/_proj_10g/xxv_loop/pcs64_2ch/pcs64_2ch.runs/impl_1/debug_nets.ltx D:/repo/XCKU5PMini/udp_hls_10g/_proj_10g/xxv_loop/pcs64_2ch/pcs64_2ch.runs/impl_1/xxv_loop_top.ltx
# if {[llength $bs] > 0} { puts "S2_VERDICT = PASS_BITSTREAM" } else { puts "S2_VERDICT = NO_BITSTREAM" }
S2_VERDICT = PASS_BITSTREAM
