---- vivado exit=0 ----
# sec "S2_OPEN"
S2 >>>>>>>>>> S2_OPEN
# puts "S2_PART = [get_property part [current_project]]"
S2_PART = xcku5p-ffvb676-1-e
# puts "S2_STAGE = round2 (loopback + payload-select + stat-domain probes)"
S2_STAGE = round2 (loopback + payload-select + stat-domain probes)
# puts "S2_IP_LOCKED = [get_property IS_LOCKED [get_ips pcs64]]"
S2_IP_LOCKED = 0
# sec "S2_ADD"
S2 >>>>>>>>>> S2_ADD
# puts "S2_VENDOR_FILE = $vrtl"
S2_VENDOR_FILE = D:/repo/XCKU5PMini/udp_hls_10g/_proj_10g/xxv_probe/pcs64_ex/pcs64_ex/imports/pcs64_pkt_gen_mon.v
# puts "S2_VENDOR_BYTES = [string length $vtxt]"
S2_VENDOR_BYTES = 145846
# puts "S2_COPY_FILE = $vrtlc"
S2_COPY_FILE = D:/repo/XCKU5PMini/udp_hls_10g/_proj_10g/xxv_loop/rtl/pcs64_pkt_gen_mon_ds.v
# puts "S2_COPY_BYTES = [string length $vtxt2]"
S2_COPY_BYTES = 146305
# puts "S2_COPY_DIFF_LINES = [llength [split [string trim $dout] \n]]"
S2_COPY_DIFF_LINES = 0
# puts "S2_VENDOR_SHA256 $sh1"
S2_VENDOR_SHA256 2782d688b5ea4e676be4e984735f759d9c7be7d6ebd6a2a0ac93f095ab0e03e6 *D:/repo/XCKU5PMini/udp_hls_10g/_proj_10g/xxv_probe/pcs64_ex/pcs64_ex/imports/pcs64_pkt_gen_mon.v
# puts "S2_COPY_SHA256 $sh2"
S2_COPY_SHA256 17cfd656b9896b8416123f912b83fcb65c5128ac01aeecfe3ecef34ec3b5a5ec *D:/repo/XCKU5PMini/udp_hls_10g/_proj_10g/xxv_loop/rtl/pcs64_pkt_gen_mon_ds.v
# sec "S2_VIO"
S2 >>>>>>>>>> S2_VIO
#     puts "S2_VIO_REMOVE_STALE $xf"
#     if {[file exists $d]} { file delete -force $d ; puts "S2_VIO_RMDIR $d" }
# puts "S2_VIO_NUMIN  = [get_property CONFIG.C_NUM_PROBE_IN  [get_ips vio_0]]"
S2_VIO_NUMIN  = 48
# puts "S2_VIO_NUMOUT = [get_property CONFIG.C_NUM_PROBE_OUT [get_ips vio_0]]"
S2_VIO_NUMOUT = 8
# puts "S2_VIO_W0     = [get_property CONFIG.C_PROBE_IN0_WIDTH [get_ips vio_0]]"
S2_VIO_W0     = 32
# puts "S2_VIO_W31    = [get_property CONFIG.C_PROBE_IN31_WIDTH [get_ips vio_0]]"
S2_VIO_W31    = 32
# puts "S2_VIO_W47    = [get_property CONFIG.C_PROBE_IN47_WIDTH [get_ips vio_0]]"
S2_VIO_W47    = 32
# puts "S2_VIO_O6W    = [get_property CONFIG.C_PROBE_OUT6_WIDTH [get_ips vio_0]]"
S2_VIO_O6W    = 3
# puts "S2_TOP = [get_property top [current_fileset]]"
S2_TOP = xxv_loop_top
# puts "S2_NFILES = [llength [get_files -quiet]]"
S2_NFILES = 107
# foreach f [get_files -quiet -of [get_filesets constrs_1]] { puts "S2_CONSTR $f" }
S2_CONSTR D:/repo/XCKU5PMini/udp_hls_10g/_proj_10g/xxv_loop/xdc/xxv_loop.xdc
S2_CONSTR D:/repo/XCKU5PMini/udp_hls_10g/_proj_10g/xxv_loop/xdc/xxv_loop_impl.xdc
# sec "S2_SYNTH"
S2 >>>>>>>>>> S2_SYNTH
# puts "S2_SYNTH_LAUNCH = $e"
S2_SYNTH_LAUNCH = 0
# catch {puts "S2_SYNTH_STATUS = [get_property STATUS [get_runs synth_1]]"}
S2_SYNTH_STATUS = synth_design Complete!
# catch {puts "S2_SYNTH_PROGRESS = [get_property PROGRESS [get_runs synth_1]]"}
S2_SYNTH_PROGRESS = 100%
#     puts "S2_VERDICT = SYNTH_FAIL"
#     foreach lf [glob -nocomplain "$pdir/pcs64_2ch.runs/synth_1/runme.log"] { puts "S2_LOG $lf" }
# sec "S2_IMPL"
S2 >>>>>>>>>> S2_IMPL
# puts "S2_IMPL_LAUNCH = $e2"
S2_IMPL_LAUNCH = 
# catch {puts "S2_IMPL_STATUS = [get_property STATUS [get_runs impl_1]]"}
S2_IMPL_STATUS = write_bitstream Complete!
# catch {puts "S2_IMPL_PROGRESS = [get_property PROGRESS [get_runs impl_1]]"}
S2_IMPL_PROGRESS = 100%
# sec "S2_LOGGREP"
S2 >>>>>>>>>> S2_LOGGREP
#     puts "S2_LOGFILE $lf lines=$n"
#     foreach k $keys { puts "S2_GREP [file tail $lf] <$k> = [dict get $counts $k]" }
S2_LOGFILE D:/repo/XCKU5PMini/udp_hls_10g/_proj_10g/xxv_loop/pcs64_2ch/pcs64_2ch.runs/synth_1/runme.log lines=534
S2_GREP runme.log <implicitly declared> = 0
S2_GREP runme.log <Opt 31-155> = 0
S2_GREP runme.log <Opt 31-67> = 0
S2_GREP runme.log <Route 35-54> = 0
S2_GREP runme.log <Route 35-7> = 0
S2_GREP runme.log <AVAL-326> = 0
S2_GREP runme.log <NSTD-1> = 0
S2_GREP runme.log <UCIO-1> = 0
S2_GREP runme.log <12-4739> = 0
S2_GREP runme.log <not permitted> = 0
S2_GREP runme.log <multiple driver> = 0
S2_LOGFILE D:/repo/XCKU5PMini/udp_hls_10g/_proj_10g/xxv_loop/pcs64_2ch/pcs64_2ch.runs/impl_1/runme.log lines=874
S2_GREP runme.log <implicitly declared> = 0
S2_GREP runme.log <Opt 31-155> = 0
S2_GREP runme.log <Opt 31-67> = 0
S2_GREP runme.log <Route 35-54> = 0
S2_GREP runme.log <Route 35-7> = 0
S2_GREP runme.log <AVAL-326> = 0
S2_GREP runme.log <NSTD-1> = 0
S2_GREP runme.log <UCIO-1> = 0
S2_GREP runme.log <12-4739> = 0
S2_GREP runme.log <not permitted> = 0
S2_GREP runme.log <multiple driver> = 0
# sec "S2_TIMING"
S2 >>>>>>>>>> S2_TIMING
#             if {[string trim $line] ne ""} { puts "S2_TIMING $line" }
# } else { puts "S2_TIMING_MISSING $rpt" }
S2_TIMING | Design Timing Summary
# catch {puts "S2_WNS = [get_property SLACK [get_timing_paths -delay_type max -max_paths 1]]"}
S2_WNS = 2.075
# catch {puts "S2_WHS = [get_property SLACK [get_timing_paths -delay_type min -max_paths 1]]"}
S2_WHS = 0.011
# catch {puts "S2_TNS = [get_property SLACK [get_timing_paths -delay_type max -max_paths 1 -nworst 1000]]"}
S2_TNS = 2.075 2.075 2.075 2.075 2.075 2.075 2.075 2.075 2.079 2.079 2.079 2.079 2.079 2.079 2.079 2.079 2.099 2.099 2.099 2.099 2.099 2.099 2.099 2.099 2.101 2.101 2.101 2.101 2.101 2.101 2.101 2.101 2.111 2.111 2.111 2.111 2.111 2.111 2.111 2.111 2.113 2.113 2.113 2.113 2.113 2.113 2.113 2.113 2.115 2.115 2.115 2.115 2.115 2.115 2.115 2.115 2.115 2.115 2.115 2.115 2.115 2.115 2.115 2.115 2.147 2.147 2.147 2.147 2.147 2.147 2.147 2.147 2.149 2.149 2.149 2.149 2.149 2.149 2.149 2.149 2.172 2.172 2.172 2.172 2.172 2.172 2.172 2.172 2.174 2.174 2.174 2.174 2.174 2.174 2.174 2.174 2.184 2.184 2.184 2.184 2.184 2.184 2.184 2.184 2.188 2.188 2.188 2.188 2.188 2.188 2.188 2.188 2.231 2.231 2.231 2.231 2.231 2.231 2.231 2.231 2.233 2.233 2.233 2.233 2.233 2.233 2.233 2.233 2.243 2.243 2.243 2.243 2.243 2.243 2.243 2.243 2.247 2.247 2.247 2.247 2.247 2.247 2.247 2.247 2.250 2.250 2.250 2.250 2.250 2.250 2.250 2.250 2.252 2.252 2.252 2.252 2.252 2.252 2.252 2.252 2.263 2.263 2.283 2.283 2.292 2.292 2.292 2.292 2.292 2.292 2.292 2.292 2.294 2.294 2.294 2.294 2.294 2.294 2.294 2.294 2.300 2.300 2.301 2.301 2.304 2.304 2.304 2.304 2.304 2.304 2.304 2.304 2.308 2.308 2.308 2.308 2.308 2.308 2.308 2.308 2.321 2.321 2.325 2.325 2.338 2.338 2.342 2.342 2.355 2.355 2.366 2.366 2.368 2.368 2.389 2.389 2.393 2.393 2.394 2.394 2.394 2.394 2.399 2.399 2.399 2.399 2.399 2.399 2.399 2.399 2.400 2.400 2.400 2.400 2.409 2.409 2.409 2.409 2.409 2.409 2.409 2.409 2.411 2.411 2.411 2.411 2.411 2.411 2.411 2.411 2.411 2.411 2.412 2.412 2.415 2.415 2.416 2.416 2.426 2.426 2.441 2.441 2.458 2.458 2.458 2.458 2.469 2.469 2.469 2.469 2.469 2.469 2.469 2.469 2.471 2.471 2.471 2.471 2.471 2.471 2.471 2.471 2.479 2.479 2.484 2.484 2.488 2.488 2.490 2.490 2.497 2.497 2.497 2.497 2.497 2.497 2.497 2.497 2.498 2.498 2.498 2.498 2.510 2.510 2.512 2.512 2.512 2.512 2.512 2.512 2.512 2.512 2.514 2.514 2.514 2.514 2.514 2.514 2.514 2.514 2.522 2.522 2.525 2.525 2.525 2.525 2.525 2.525 2.525 2.525 2.526 2.526 2.526 2.526 2.527 2.527 2.527 2.527 2.527 2.527 2.527 2.527 2.531 2.531 2.536 2.536 2.536 2.536 2.536 2.536 2.536 2.536 2.536 2.536 2.536 2.536 2.536 2.536 2.536 2.536 2.536 2.536 2.536 2.536 2.536 2.536 2.536 2.536 2.537 2.537 2.545 2.545 2.545 2.545 2.545 2.545 2.545 2.545 2.545 2.545 2.545 2.545 2.545 2.545 2.545 2.545 2.548 2.548 2.551 2.551 2.552 2.552 2.567 2.567 2.567 2.567 2.567 2.567 2.567 2.567 2.569 2.569 2.569 2.569 2.569 2.569 2.569 2.569 2.569 2.569 2.573 2.573 2.580 2.580 2.580 2.580 2.580 2.580 2.580 2.580 2.582 2.582 2.582 2.582 2.582 2.582 2.582 2.582 2.582 2.582 2.593 2.593 2.594 2.594 2.594 2.594 2.594 2.594 2.594 2.594 2.595 2.595 2.596 2.596 2.596 2.596 2.596 2.596 2.596 2.596 2.604 2.604 2.604 2.604 2.604 2.604 2.604 2.604 2.608 2.608 2.608 2.608 2.608 2.608 2.608 2.608 2.615 2.615 2.616 2.616 2.617 2.617 2.617 2.617 2.617 2.617 2.617 2.617 2.617 2.617 2.617 2.617 2.617 2.617 2.617 2.617 2.617 2.617 2.617 2.617 2.617 2.617 2.617 2.617 2.617 2.617 2.617 2.617 2.617 2.617 2.619 2.619 2.619 2.619 2.619 2.619 2.619 2.619 2.620 2.620 2.621 2.621 2.621 2.621 2.621 2.621 2.621 2.621 2.621 2.621 2.622 2.622 2.630 2.630 2.630 2.630 2.634 2.634 2.634 2.634 2.634 2.634 2.634 2.634 2.634 2.634 2.634 2.634 2.634 2.634 2.634 2.634 2.634 2.634 2.634 2.634 2.634 2.634 2.634 2.634 2.638 2.638 2.638 2.638 2.638 2.638 2.638 2.638 2.639 2.639 2.639 2.639 2.639 2.639 2.639 2.639 2.639 2.639 2.639 2.639 2.639 2.639 2.639 2.639 2.640 2.640 2.640 2.640 2.640 2.640 2.640 2.640 2.641 2.641 2.641 2.641 2.641 2.641 2.641 2.641 2.641 2.641 2.641 2.641 2.641 2.641 2.641 2.641 2.643 2.643 2.643 2.643 2.643 2.643 2.643 2.643 2.643 2.643 2.643 2.643 2.643 2.643 2.643 2.643 2.643 2.643 2.643 2.643 2.643 2.643 2.643 2.643 2.644 2.644 2.646 2.646 2.649 2.649 2.653 2.653 2.657 2.657 2.662 2.662 2.663 2.663 2.663 2.663 2.663 2.663 2.663 2.663 2.665 2.665 2.666 2.666 2.666 2.666 2.667 2.667 2.667 2.667 2.667 2.667 2.667 2.667 2.667 2.667 2.668 2.668 2.671 2.671 2.678 2.678 2.680 2.680 2.684 2.684 2.685 2.685 2.691 2.691 2.691 2.691 2.691 2.691 2.691 2.691 2.691 2.691 2.691 2.691 2.691 2.691 2.691 2.691 2.691 2.691 2.691 2.691 2.691 2.691 2.691 2.691 2.691 2.691 2.691 2.691 2.696 2.696 2.697 2.697 2.697 2.697 2.697 2.697 2.697 2.697 2.697 2.697 2.697 2.697 2.697 2.697 2.697 2.697 2.699 2.699 2.699 2.699 2.699 2.699 2.699 2.699 2.700 2.700 2.701 2.701 2.701 2.701 2.701 2.701 2.701 2.701 2.702 2.702 2.703 2.703 2.705 2.705 2.710 2.710 2.710 2.710 2.711 2.711 2.715 2.715 2.715 2.715 2.715 2.715 2.715 2.715 2.715 2.715 2.715 2.715 2.715 2.715 2.715 2.715 2.715 2.715 2.715 2.715 2.715 2.715 2.715 2.715 2.715 2.715 2.715 2.715 2.715 2.715 2.716 2.716 2.720 2.720 2.723 2.723 2.723 2.723 2.726 2.726 2.737 2.737 2.737 2.737 2.739 2.739 2.740 2.740 2.742 2.742 2.743 2.743 2.743 2.743 2.746 2.746 2.746 2.746 2.753 2.753 2.753 2.753 2.753 2.753 2.753 2.753 2.753 2.753 2.753 2.753 2.753 2.753 2.753 2.753 2.753 2.753 2.755 2.755 2.755 2.755 2.755 2.755 2.755 2.755 2.755 2.755 2.755 2.755 2.755 2.755 2.755 2.755 2.755 2.755 2.755 2.755 2.755 2.755 2.755 2.755 2.755 2.755 2.755 2.755 2.755 2.755 2.755 2.755 2.756 2.756 2.759 2.759 2.759 2.759 2.759 2.759 2.759 2.759 2.759 2.759 2.759 2.759 2.759 2.759 2.759 2.759 2.763 2.763 2.763 2.763 2.763 2.763 2.763 2.763 2.763 2.763 2.763 2.763 2.764 2.764 2.769 2.769 2.771 2.771 2.771 2.771 2.771 2.771 2.771 2.771 2.772 2.772 2.773 2.773 2.781 2.781 2.782 2.782 2.785 2.785 2.786 2.786 2.787 2.787 2.787 2.787 2.789 2.789 2.789 2.789 2.789 2.789 2.789 2.789 2.789 2.789 2.789 2.789 2.789 2.789 2.789 2.789 2.789 2.789 2.789 2.789 2.789 2.789 2.789 2.789 2.789 2.789 2.789 2.789 2.790 2.790 2.791 2.791 2.791 2.791 2.791 2.791 2.791 2.791 2.793 2.793 2.793 2.793 2.793 2.793 2.793 2.793 2.801 2.801 2.805 2.805 2.807 2.807 2.808 2.808 2.808 2.808 2.811 2.811 2.811 2.811 2.812 2.812 2.812 2.812 2.812 2.812 2.812 2.812 2.812 2.812 2.813 2.813 2.813 2.813 2.813 2.813 2.815 2.815 2.816 2.816 2.816 2.816 2.816 2.816 2.816 2.816 2.821 2.821
# catch {puts "S2_THS = [get_property SLACK [get_timing_paths -delay_type min -max_paths 1 -nworst 1000]]"}
S2_THS = 0.011 0.011 0.011 0.011 0.012 0.012 0.016 0.016 0.019 0.019 0.019 0.019 0.019 0.019 0.020 0.020 0.021 0.021 0.021 0.021 0.021 0.021 0.023 0.023 0.024 0.024 0.025 0.025 0.025 0.025 0.026 0.026 0.026 0.026 0.026 0.026 0.027 0.027 0.028 0.028 0.028 0.028 0.028 0.028 0.029 0.029 0.029 0.029 0.029 0.029 0.029 0.029 0.030 0.030 0.030 0.030 0.030 0.030 0.030 0.030 0.031 0.031 0.031 0.031 0.031 0.031 0.031 0.031 0.031 0.031 0.031 0.031 0.031 0.031 0.031 0.031 0.031 0.031 0.031 0.031 0.031 0.031 0.032 0.032 0.032 0.032 0.032 0.032 0.032 0.032 0.032 0.032 0.032 0.032 0.032 0.032 0.032 0.032 0.032 0.032 0.032 0.032 0.032 0.032 0.032 0.032 0.032 0.032 0.032 0.032 0.032 0.032 0.032 0.032 0.032 0.032 0.032 0.032 0.032 0.032 0.032 0.032 0.032 0.032 0.032 0.032 0.032 0.032 0.032 0.032 0.033 0.033 0.033 0.033 0.033 0.033 0.033 0.033 0.033 0.033 0.034 0.034 0.034 0.034 0.034 0.034 0.034 0.034 0.034 0.034 0.034 0.034 0.034 0.034 0.034 0.034 0.034 0.034 0.034 0.034 0.034 0.034 0.035 0.035 0.035 0.035 0.035 0.035 0.035 0.035 0.035 0.035 0.035 0.035 0.035 0.035 0.035 0.035 0.035 0.035 0.035 0.035 0.035 0.035 0.035 0.035 0.035 0.035 0.035 0.035 0.036 0.036 0.036 0.036 0.036 0.036 0.036 0.036 0.036 0.036 0.036 0.036 0.036 0.036 0.036 0.036 0.036 0.036 0.036 0.036 0.036 0.036 0.036 0.036 0.036 0.036 0.037 0.037 0.037 0.037 0.037 0.037 0.037 0.037 0.037 0.037 0.037 0.037 0.037 0.037 0.037 0.037 0.037 0.037 0.037 0.037 0.037 0.037 0.037 0.037 0.038 0.038 0.038 0.038 0.038 0.038 0.038 0.038 0.038 0.038 0.038 0.038 0.038 0.038 0.038 0.038 0.038 0.038 0.038 0.038 0.038 0.038 0.038 0.038 0.038 0.038 0.038 0.038 0.038 0.038 0.038 0.038 0.038 0.038 0.038 0.038 0.038 0.038 0.038 0.038 0.038 0.038 0.038 0.038 0.039 0.039 0.039 0.039 0.039 0.039 0.039 0.039 0.039 0.039 0.039 0.039 0.039 0.039 0.039 0.039 0.039 0.039 0.039 0.039 0.039 0.039 0.039 0.039 0.039 0.039 0.039 0.039 0.039 0.039 0.039 0.039 0.039 0.039 0.040 0.040 0.040 0.040 0.040 0.040 0.040 0.040 0.040 0.040 0.040 0.040 0.040 0.040 0.040 0.040 0.040 0.040 0.040 0.040 0.040 0.040 0.040 0.040 0.040 0.040 0.040 0.040 0.040 0.040 0.040 0.040 0.040 0.040 0.040 0.040 0.041 0.041 0.041 0.041 0.041 0.041 0.041 0.041 0.041 0.041 0.041 0.041 0.041 0.041 0.041 0.041 0.041 0.041 0.041 0.041 0.041 0.041 0.041 0.041 0.041 0.041 0.041 0.041 0.041 0.041 0.041 0.041 0.041 0.041 0.041 0.041 0.041 0.041 0.041 0.041 0.041 0.041 0.041 0.041 0.041 0.041 0.042 0.042 0.042 0.042 0.042 0.042 0.042 0.042 0.042 0.042 0.042 0.042 0.042 0.042 0.042 0.042 0.042 0.042 0.042 0.042 0.042 0.042 0.042 0.042 0.042 0.042 0.042 0.042 0.042 0.042 0.042 0.042 0.042 0.042 0.042 0.042 0.042 0.042 0.042 0.042 0.042 0.042 0.042 0.042 0.042 0.042 0.042 0.042 0.042 0.042 0.042 0.042 0.042 0.042 0.042 0.042 0.042 0.042 0.042 0.042 0.042 0.042 0.042 0.042 0.042 0.042 0.043 0.043 0.043 0.043 0.043 0.043 0.043 0.043 0.043 0.043 0.043 0.043 0.043 0.043 0.043 0.043 0.043 0.043 0.043 0.043 0.043 0.043 0.043 0.043 0.043 0.043 0.043 0.043 0.043 0.043 0.043 0.043 0.043 0.043 0.043 0.043 0.043 0.043 0.043 0.043 0.043 0.043 0.043 0.043 0.043 0.043 0.043 0.043 0.043 0.043 0.044 0.044 0.044 0.044 0.044 0.044 0.044 0.044 0.044 0.044 0.044 0.044 0.044 0.044 0.044 0.044 0.044 0.044 0.044 0.044 0.044 0.044 0.044 0.044 0.044 0.044 0.044 0.044 0.044 0.044 0.044 0.044 0.044 0.044 0.044 0.044 0.044 0.044 0.044 0.044 0.044 0.044 0.044 0.044 0.044 0.044 0.044 0.044 0.044 0.044 0.044 0.044 0.044 0.044 0.044 0.044 0.044 0.044 0.044 0.044 0.045 0.045 0.045 0.045 0.045 0.045 0.045 0.045 0.045 0.045 0.045 0.045 0.045 0.045 0.045 0.045 0.045 0.045 0.045 0.045 0.045 0.045 0.045 0.045 0.045 0.045 0.045 0.045 0.045 0.045 0.045 0.045 0.045 0.045 0.045 0.045 0.045 0.045 0.045 0.045 0.045 0.045 0.045 0.045 0.045 0.045 0.045 0.045 0.045 0.045 0.045 0.045 0.045 0.045 0.045 0.045 0.045 0.045 0.046 0.046 0.046 0.046 0.046 0.046 0.046 0.046 0.046 0.046 0.046 0.046 0.046 0.046 0.046 0.046 0.046 0.046 0.046 0.046 0.046 0.046 0.046 0.046 0.046 0.046 0.046 0.046 0.046 0.046 0.046 0.046 0.046 0.046 0.046 0.046 0.046 0.046 0.046 0.046 0.046 0.046 0.046 0.046 0.046 0.046 0.046 0.046 0.046 0.046 0.046 0.046 0.046 0.046 0.046 0.046 0.046 0.046 0.046 0.046 0.046 0.046 0.046 0.046 0.046 0.046 0.046 0.046 0.046 0.046 0.046 0.046 0.047 0.047 0.047 0.047 0.047 0.047 0.047 0.047 0.047 0.047 0.047 0.047 0.047 0.047 0.047 0.047 0.047 0.047 0.047 0.047 0.047 0.047 0.047 0.047 0.047 0.047 0.047 0.047 0.047 0.047 0.047 0.047 0.047 0.047 0.047 0.047 0.047 0.047 0.047 0.047 0.047 0.047 0.047 0.047 0.047 0.047 0.047 0.047 0.047 0.047 0.047 0.047 0.047 0.047 0.047 0.047 0.047 0.047 0.047 0.047 0.047 0.047 0.047 0.047 0.047 0.047 0.047 0.047 0.047 0.047 0.047 0.047 0.047 0.047 0.047 0.047 0.047 0.047 0.047 0.047 0.048 0.048 0.048 0.048 0.048 0.048 0.048 0.048 0.048 0.048 0.048 0.048 0.048 0.048 0.048 0.048 0.048 0.048 0.048 0.048 0.048 0.048 0.048 0.048 0.048 0.048 0.048 0.048 0.048 0.048 0.048 0.048 0.048 0.048 0.048 0.048 0.048 0.048 0.048 0.048 0.048 0.048 0.048 0.048 0.048 0.048 0.048 0.048 0.048 0.048 0.048 0.048 0.048 0.048 0.048 0.048 0.048 0.048 0.048 0.048 0.048 0.048 0.048 0.048 0.048 0.048 0.048 0.048 0.048 0.048 0.048 0.048 0.048 0.048 0.048 0.048 0.048 0.048 0.048 0.048 0.048 0.048 0.048 0.048 0.048 0.048 0.048 0.048 0.048 0.048 0.048 0.048 0.048 0.048 0.049 0.049 0.049 0.049 0.049 0.049 0.049 0.049 0.049 0.049 0.049 0.049 0.049 0.049 0.049 0.049 0.049 0.049 0.049 0.049 0.049 0.049 0.049 0.049 0.049 0.049 0.049 0.049 0.049 0.049 0.049 0.049 0.049 0.049 0.049 0.049 0.049 0.049 0.049 0.049 0.049 0.049 0.049 0.049 0.049 0.049 0.049 0.049 0.049 0.049 0.049 0.049 0.049 0.049 0.049 0.049 0.049 0.049 0.049 0.049 0.049 0.049 0.049 0.049 0.050 0.050 0.050 0.050 0.050 0.050 0.050 0.050 0.050 0.050 0.050 0.050 0.050 0.050 0.050 0.050 0.050 0.050 0.050 0.050 0.050 0.050 0.050 0.050 0.050 0.050 0.050 0.050 0.050 0.050 0.050 0.050 0.050 0.050 0.050 0.050 0.050 0.050 0.050 0.050 0.050 0.050 0.050 0.050 0.050 0.050 0.050 0.050 0.050 0.050 0.050 0.050 0.050 0.050 0.050 0.050
# catch {puts "S2_WPWS = [get_property SLACK [get_timing_paths -delay_type min_max -max_paths 1]]"}
S2_WPWS = 0.011
# sec "S2_CG_DRYRUN"
S2 >>>>>>>>>> S2_CG_DRYRUN
# puts "S2_CG_all      = [get_clocks]"
S2_CG_all      = dclk gtrefclk0 qpll0clk_in[0] qpll0refclk_in[0] rxoutclk_out[0] txoutclk_out[0] txoutclkpcs_out[0] rxoutclk_out[0]_1 txoutclk_out[0]_1 txoutclkpcs_out[0]_1 dbg_hub/inst/BSCANID.u_xsdbm_id/SWITCH_N_EXT_BSCAN.bscan_inst/SERIES7_BSCAN.bscan_inst/INTERNAL_TCK USE_DIVIDER.dclk_mmcm
# puts "S2_CG_dclk     = [get_clocks -include_generated_clocks dclk]"
S2_CG_dclk     = dclk USE_DIVIDER.dclk_mmcm
# puts "S2_CG_gtrefclk = [get_clocks -include_generated_clocks gtrefclk0]"
S2_CG_gtrefclk = gtrefclk0 qpll0clk_in[0] qpll0refclk_in[0] rxoutclk_out[0] txoutclk_out[0] txoutclkpcs_out[0] rxoutclk_out[0]_1 txoutclk_out[0]_1 txoutclkpcs_out[0]_1
# catch {puts "S2_CG_dbg_n   = [llength [get_debug_cores dbg_hub]]"}
S2_CG_dbg_n   = 1
# catch {puts "S2_CG_sync_n  = [llength [get_cells -hier -filter {NAME =~ *cdc_sync2*}]]"}
S2_CG_sync_n  = 0
# catch {puts "S2_CG_snap_n  = [llength [get_cells -hier -filter {NAME =~ *snap_hold*}]]"}
S2_CG_snap_n  = 0
# catch {puts "S2_CG_obs_n   = [llength [get_cells -hier -filter {NAME =~ *obs_reg*}]]"}
S2_CG_obs_n   = 0
# catch {puts "S2_CG_rfchk_n = [llength [get_cells -hier -filter {NAME =~ *u_chk1*}]]"}
S2_CG_rfchk_n = 806
# sec "S2_UTIL"
S2 >>>>>>>>>> S2_UTIL
#             if {[string first $k $t] == 0} { puts "S2_UTIL $t" ; break }
# } else { puts "S2_UTIL_MISSING $urpt" }
# sec "S2_BIT"
S2 >>>>>>>>>> S2_BIT
#     puts "S2_BIT $b size=[file size $b]"
#     puts "S2_SHA256 $sha"
S2_BIT D:/repo/XCKU5PMini/udp_hls_10g/_proj_10g/xxv_loop/pcs64_2ch/pcs64_2ch.runs/impl_1/xxv_loop_top.bit size=15431263
S2_SHA256 1c48591bc82962538cabe57ec076c04ae47941c88e941d196cb88de58c6ee9d4 *D:/repo/XCKU5PMini/udp_hls_10g/_proj_10g/xxv_loop/pcs64_2ch/pcs64_2ch.runs/impl_1/xxv_loop_top.bit
# puts "S2_LTX = $ltx"
S2_LTX = D:/repo/XCKU5PMini/udp_hls_10g/_proj_10g/xxv_loop/pcs64_2ch/pcs64_2ch.runs/impl_1/debug_nets.ltx D:/repo/XCKU5PMini/udp_hls_10g/_proj_10g/xxv_loop/pcs64_2ch/pcs64_2ch.runs/impl_1/xxv_loop_top.ltx
# if {[llength $bs] > 0} { puts "S2_VERDICT = PASS_BITSTREAM" } else { puts "S2_VERDICT = NO_BITSTREAM" }
S2_VERDICT = PASS_BITSTREAM
