---- vivado exit=0 ----
# sec "S2_OPEN"
S2 >>>>>>>>>> S2_OPEN
# puts "S2_PART = [get_property part [current_project]]"
S2_PART = xcku5p-ffvb676-1-e
# puts "S2_STAGE = round2 (loopback + payload-select + stat-domain probes)"
S2_STAGE = round2 (loopback + payload-select + stat-domain probes)
# puts "S2_IP_LOCKED = [get_property IS_LOCKED [get_ips pcs64]]"
S2_IP_LOCKED = 0
# sec "S2_ADD"
S2 >>>>>>>>>> S2_ADD
# puts "S2_VENDOR_FILE = $vrtl"
S2_VENDOR_FILE = D:/repo/XCKU5PMini/udp_hls_10g/_proj_10g/xxv_probe/pcs64_ex/pcs64_ex/imports/pcs64_pkt_gen_mon.v
# puts "S2_VENDOR_BYTES = [string length $vtxt]"
S2_VENDOR_BYTES = 145846
# puts "S2_COPY_FILE = $vrtlc"
S2_COPY_FILE = D:/repo/XCKU5PMini/udp_hls_10g/_proj_10g/xxv_loop/rtl/pcs64_pkt_gen_mon_ds.v
# puts "S2_COPY_BYTES = [string length $vtxt2]"
S2_COPY_BYTES = 146664
# puts "S2_COPY_DIFF_LINES = [llength [split [string trim $dout] \n]]"
S2_COPY_DIFF_LINES = 0
# puts "S2_VENDOR_SHA256 $sh1"
S2_VENDOR_SHA256 2782d688b5ea4e676be4e984735f759d9c7be7d6ebd6a2a0ac93f095ab0e03e6 *D:/repo/XCKU5PMini/udp_hls_10g/_proj_10g/xxv_probe/pcs64_ex/pcs64_ex/imports/pcs64_pkt_gen_mon.v
# puts "S2_COPY_SHA256 $sh2"
S2_COPY_SHA256 d36409bb0dee64b707e1b12d02db7279732efe234218282fbdf6b8ca21e109bf *D:/repo/XCKU5PMini/udp_hls_10g/_proj_10g/xxv_loop/rtl/pcs64_pkt_gen_mon_ds.v
# sec "S2_VIO"
S2 >>>>>>>>>> S2_VIO
#     puts "S2_VIO_REMOVE_STALE $xf"
#     if {[file exists $d]} { file delete -force $d ; puts "S2_VIO_RMDIR $d" }
# puts "S2_VIO_NUMIN  = [get_property CONFIG.C_NUM_PROBE_IN  [get_ips vio_0]]"
S2_VIO_NUMIN  = 48
# puts "S2_VIO_NUMOUT = [get_property CONFIG.C_NUM_PROBE_OUT [get_ips vio_0]]"
S2_VIO_NUMOUT = 8
# puts "S2_VIO_W0     = [get_property CONFIG.C_PROBE_IN0_WIDTH [get_ips vio_0]]"
S2_VIO_W0     = 32
# puts "S2_VIO_W31    = [get_property CONFIG.C_PROBE_IN31_WIDTH [get_ips vio_0]]"
S2_VIO_W31    = 32
# puts "S2_VIO_W47    = [get_property CONFIG.C_PROBE_IN47_WIDTH [get_ips vio_0]]"
S2_VIO_W47    = 32
# puts "S2_VIO_O6W    = [get_property CONFIG.C_PROBE_OUT6_WIDTH [get_ips vio_0]]"
S2_VIO_O6W    = 3
# puts "S2_TOP = [get_property top [current_fileset]]"
S2_TOP = xxv_loop_top
# puts "S2_NFILES = [llength [get_files -quiet]]"
S2_NFILES = 107
# foreach f [get_files -quiet -of [get_filesets constrs_1]] { puts "S2_CONSTR $f" }
S2_CONSTR D:/repo/XCKU5PMini/udp_hls_10g/_proj_10g/xxv_loop/xdc/xxv_loop.xdc
S2_CONSTR D:/repo/XCKU5PMini/udp_hls_10g/_proj_10g/xxv_loop/xdc/xxv_loop_impl.xdc
# sec "S2_SYNTH"
S2 >>>>>>>>>> S2_SYNTH
# puts "S2_SYNTH_LAUNCH = $e"
S2_SYNTH_LAUNCH = 0
# catch {puts "S2_SYNTH_STATUS = [get_property STATUS [get_runs synth_1]]"}
S2_SYNTH_STATUS = synth_design Complete!
# catch {puts "S2_SYNTH_PROGRESS = [get_property PROGRESS [get_runs synth_1]]"}
S2_SYNTH_PROGRESS = 100%
#     puts "S2_VERDICT = SYNTH_FAIL"
#     foreach lf [glob -nocomplain "$pdir/pcs64_2ch.runs/synth_1/runme.log"] { puts "S2_LOG $lf" }
# sec "S2_IMPL"
S2 >>>>>>>>>> S2_IMPL
# puts "S2_IMPL_LAUNCH = $e2"
S2_IMPL_LAUNCH = 
# catch {puts "S2_IMPL_STATUS = [get_property STATUS [get_runs impl_1]]"}
S2_IMPL_STATUS = write_bitstream Complete!
# catch {puts "S2_IMPL_PROGRESS = [get_property PROGRESS [get_runs impl_1]]"}
S2_IMPL_PROGRESS = 100%
# sec "S2_LOGGREP"
S2 >>>>>>>>>> S2_LOGGREP
#     puts "S2_LOGFILE $lf lines=$n"
#     foreach k $keys { puts "S2_GREP [file tail $lf] <$k> = [dict get $counts $k]" }
S2_LOGFILE D:/repo/XCKU5PMini/udp_hls_10g/_proj_10g/xxv_loop/pcs64_2ch/pcs64_2ch.runs/synth_1/runme.log lines=530
S2_GREP runme.log <implicitly declared> = 0
S2_GREP runme.log <8-11241> = 10
S2_GREP runme.log <undeclared symbol> = 10
S2_GREP runme.log <does not have driver> = 0
S2_GREP runme.log <unconnected or has no load> = 38
S2_GREP runme.log <Opt 31-155> = 0
S2_GREP runme.log <Opt 31-67> = 0
S2_GREP runme.log <Route 35-54> = 0
S2_GREP runme.log <Route 35-7> = 0
S2_GREP runme.log <AVAL-326> = 0
S2_GREP runme.log <NSTD-1> = 0
S2_GREP runme.log <UCIO-1> = 0
S2_GREP runme.log <12-4739> = 0
S2_GREP runme.log <not permitted> = 0
S2_GREP runme.log <multiple driver> = 0
S2_LOGFILE D:/repo/XCKU5PMini/udp_hls_10g/_proj_10g/xxv_loop/pcs64_2ch/pcs64_2ch.runs/impl_1/runme.log lines=876
S2_GREP runme.log <implicitly declared> = 0
S2_GREP runme.log <8-11241> = 0
S2_GREP runme.log <undeclared symbol> = 0
S2_GREP runme.log <does not have driver> = 0
S2_GREP runme.log <unconnected or has no load> = 0
S2_GREP runme.log <Opt 31-155> = 0
S2_GREP runme.log <Opt 31-67> = 0
S2_GREP runme.log <Route 35-54> = 0
S2_GREP runme.log <Route 35-7> = 0
S2_GREP runme.log <AVAL-326> = 0
S2_GREP runme.log <NSTD-1> = 0
S2_GREP runme.log <UCIO-1> = 0
S2_GREP runme.log <12-4739> = 0
S2_GREP runme.log <not permitted> = 0
S2_GREP runme.log <multiple driver> = 0
# sec "S2_TIMING"
S2 >>>>>>>>>> S2_TIMING
#             if {[string trim $line] ne ""} { puts "S2_TIMING $line" }
# } else { puts "S2_TIMING_MISSING $rpt" }
S2_TIMING | Design Timing Summary
# catch {puts "S2_WNS = [get_property SLACK [get_timing_paths -delay_type max -max_paths 1]]"}
S2_WNS = 1.870
# catch {puts "S2_WHS = [get_property SLACK [get_timing_paths -delay_type min -max_paths 1]]"}
S2_WHS = 0.006
# catch {puts "S2_TNS = [get_property SLACK [get_timing_paths -delay_type max -max_paths 1 -nworst 1000]]"}
S2_TNS = 1.870 1.870 1.960 1.960 1.960 1.960 1.960 1.960 1.960 1.960 1.962 1.962 1.962 1.962 1.962 1.962 1.962 1.962 2.011 2.011 2.011 2.011 2.011 2.011 2.011 2.011 2.013 2.013 2.013 2.013 2.013 2.013 2.013 2.013 2.071 2.071 2.071 2.071 2.071 2.071 2.071 2.071 2.073 2.073 2.073 2.073 2.073 2.073 2.073 2.073 2.124 2.124 2.130 2.130 2.130 2.130 2.130 2.130 2.130 2.130 2.132 2.132 2.132 2.132 2.132 2.132 2.132 2.132 2.148 2.148 2.148 2.148 2.148 2.148 2.148 2.148 2.149 2.149 2.149 2.149 2.149 2.149 2.149 2.149 2.150 2.150 2.150 2.150 2.150 2.150 2.150 2.150 2.153 2.153 2.153 2.153 2.153 2.153 2.153 2.153 2.196 2.196 2.210 2.210 2.210 2.210 2.210 2.210 2.210 2.210 2.211 2.211 2.211 2.211 2.211 2.211 2.211 2.211 2.212 2.212 2.212 2.212 2.212 2.212 2.212 2.212 2.215 2.215 2.215 2.215 2.215 2.215 2.215 2.215 2.218 2.218 2.226 2.226 2.226 2.226 2.226 2.226 2.226 2.226 2.228 2.228 2.228 2.228 2.228 2.228 2.228 2.228 2.259 2.259 2.261 2.261 2.265 2.265 2.265 2.265 2.265 2.265 2.265 2.265 2.267 2.267 2.267 2.267 2.267 2.267 2.267 2.267 2.274 2.274 2.274 2.274 2.274 2.274 2.274 2.274 2.276 2.276 2.276 2.276 2.276 2.276 2.276 2.276 2.281 2.281 2.281 2.281 2.281 2.281 2.281 2.281 2.283 2.283 2.283 2.283 2.283 2.283 2.283 2.283 2.288 2.288 2.292 2.292 2.298 2.298 2.298 2.298 2.298 2.298 2.298 2.298 2.298 2.298 2.298 2.298 2.298 2.298 2.298 2.298 2.298 2.298 2.298 2.298 2.298 2.298 2.298 2.298 2.298 2.298 2.298 2.298 2.298 2.298 2.298 2.298 2.307 2.307 2.307 2.307 2.318 2.318 2.318 2.318 2.318 2.318 2.318 2.318 2.319 2.319 2.319 2.319 2.319 2.319 2.319 2.319 2.322 2.322 2.322 2.322 2.322 2.322 2.322 2.322 2.323 2.323 2.323 2.323 2.323 2.323 2.323 2.323 2.334 2.334 2.334 2.334 2.334 2.334 2.334 2.334 2.334 2.334 2.334 2.334 2.334 2.334 2.334 2.334 2.334 2.334 2.334 2.334 2.334 2.334 2.334 2.334 2.334 2.334 2.334 2.334 2.334 2.334 2.334 2.334 2.334 2.334 2.335 2.335 2.336 2.336 2.345 2.345 2.350 2.350 2.350 2.350 2.350 2.350 2.350 2.350 2.354 2.354 2.354 2.354 2.354 2.354 2.354 2.354 2.355 2.355 2.361 2.361 2.379 2.379 2.379 2.379 2.379 2.379 2.379 2.379 2.381 2.381 2.383 2.383 2.383 2.383 2.383 2.383 2.383 2.383 2.385 2.385 2.389 2.389 2.389 2.389 2.389 2.389 2.389 2.389 2.391 2.391 2.391 2.391 2.391 2.391 2.391 2.391 2.394 2.394 2.397 2.397 2.398 2.398 2.405 2.405 2.407 2.407 2.410 2.410 2.411 2.411 2.425 2.425 2.430 2.430 2.431 2.431 2.437 2.437 2.444 2.444 2.447 2.447 2.447 2.447 2.447 2.447 2.447 2.447 2.447 2.447 2.449 2.449 2.449 2.449 2.449 2.449 2.449 2.449 2.457 2.457 2.457 2.457 2.457 2.457 2.457 2.457 2.457 2.457 2.461 2.461 2.461 2.461 2.461 2.461 2.461 2.461 2.464 2.464 2.469 2.469 2.473 2.473 2.477 2.477 2.477 2.477 2.477 2.477 2.477 2.477 2.478 2.478 2.479 2.479 2.479 2.479 2.479 2.479 2.479 2.479 2.487 2.487 2.488 2.488 2.490 2.490 2.497 2.497 2.497 2.497 2.497 2.497 2.497 2.497 2.497 2.497 2.499 2.499 2.499 2.499 2.499 2.499 2.499 2.499 2.500 2.500 2.500 2.500 2.500 2.500 2.500 2.500 2.500 2.500 2.500 2.500 2.501 2.501 2.501 2.501 2.501 2.501 2.501 2.501 2.501 2.501 2.501 2.501 2.501 2.501 2.501 2.501 2.502 2.502 2.506 2.506 2.514 2.514 2.518 2.518 2.518 2.518 2.519 2.519 2.519 2.519 2.519 2.519 2.519 2.519 2.521 2.521 2.521 2.521 2.521 2.521 2.521 2.521 2.523 2.523 2.523 2.523 2.523 2.523 2.523 2.523 2.526 2.526 2.526 2.526 2.526 2.526 2.526 2.526 2.526 2.526 2.526 2.526 2.526 2.526 2.526 2.526 2.527 2.527 2.527 2.527 2.527 2.527 2.527 2.527 2.527 2.527 2.527 2.527 2.527 2.527 2.527 2.527 2.527 2.527 2.527 2.527 2.527 2.527 2.527 2.527 2.530 2.530 2.533 2.533 2.533 2.533 2.535 2.535 2.535 2.535 2.535 2.535 2.535 2.535 2.535 2.535 2.535 2.535 2.536 2.536 2.536 2.536 2.536 2.536 2.536 2.536 2.536 2.536 2.536 2.536 2.536 2.536 2.536 2.536 2.536 2.536 2.536 2.536 2.536 2.536 2.536 2.536 2.538 2.538 2.538 2.538 2.538 2.538 2.538 2.538 2.540 2.540 2.542 2.542 2.546 2.546 2.546 2.546 2.546 2.546 2.546 2.546 2.548 2.548 2.548 2.548 2.548 2.548 2.548 2.548 2.548 2.548 2.551 2.551 2.551 2.551 2.552 2.552 2.558 2.558 2.558 2.558 2.558 2.558 2.558 2.558 2.558 2.558 2.558 2.558 2.558 2.558 2.558 2.558 2.559 2.559 2.561 2.561 2.561 2.561 2.561 2.561 2.561 2.561 2.561 2.561 2.561 2.561 2.561 2.561 2.561 2.561 2.561 2.561 2.562 2.562 2.562 2.562 2.562 2.562 2.562 2.562 2.562 2.562 2.562 2.562 2.562 2.562 2.562 2.562 2.562 2.562 2.562 2.562 2.562 2.562 2.562 2.562 2.562 2.562 2.562 2.562 2.562 2.562 2.562 2.562 2.569 2.569 2.569 2.569 2.580 2.580 2.582 2.582 2.582 2.582 2.582 2.582 2.582 2.582 2.582 2.582 2.582 2.582 2.582 2.582 2.583 2.583 2.583 2.583 2.583 2.583 2.583 2.583 2.583 2.583 2.583 2.583 2.584 2.584 2.584 2.584 2.584 2.584 2.584 2.584 2.584 2.584 2.584 2.584 2.584 2.584 2.584 2.584 2.584 2.584 2.584 2.584 2.588 2.588 2.589 2.589 2.595 2.595 2.599 2.599 2.599 2.599 2.600 2.600 2.600 2.600 2.608 2.608 2.608 2.608 2.608 2.608 2.608 2.608 2.612 2.612 2.612 2.612 2.612 2.612 2.612 2.612 2.616 2.616 2.616 2.616 2.616 2.616 2.616 2.616 2.616 2.616 2.616 2.616 2.616 2.616 2.616 2.616 2.617 2.617 2.617 2.617 2.617 2.617 2.617 2.617 2.617 2.617 2.617 2.617 2.617 2.617 2.617 2.617 2.618 2.618 2.618 2.618 2.618 2.618 2.618 2.618 2.618 2.618 2.618 2.618 2.618 2.618 2.619 2.619 2.619 2.619 2.619 2.619 2.619 2.619 2.619 2.619 2.619 2.619 2.619 2.619 2.619 2.619 2.619 2.619 2.619 2.619 2.619 2.619 2.619 2.619 2.619 2.619 2.619 2.619 2.619 2.619 2.619 2.619 2.624 2.624 2.627 2.627 2.628 2.628 2.634 2.634 2.634 2.634 2.635 2.635 2.635 2.635 2.636 2.636 2.636 2.636 2.636 2.636 2.636 2.636 2.640 2.640 2.640 2.640 2.640 2.640 2.640 2.640 2.640 2.640 2.641 2.641 2.641 2.641 2.641 2.641 2.641 2.641 2.641 2.641 2.641 2.641 2.641 2.641 2.641 2.641 2.641 2.641 2.641 2.641 2.641 2.641 2.641 2.641 2.641 2.641 2.641 2.641 2.648 2.648 2.651 2.651 2.651 2.651 2.651 2.651 2.651 2.651 2.651 2.651 2.651 2.651 2.651 2.651 2.651 2.651 2.652 2.652 2.652 2.652 2.652 2.652 2.652 2.652 2.652 2.652 2.652 2.652 2.652 2.652 2.652 2.652 2.655 2.655 2.656 2.656 2.659 2.659 2.660 2.660 2.663 2.663 2.663 2.663 2.664 2.664 2.667 2.667 2.670 2.670
# catch {puts "S2_THS = [get_property SLACK [get_timing_paths -delay_type min -max_paths 1 -nworst 1000]]"}
S2_THS = 0.006 0.006 0.010 0.010 0.010 0.010 0.012 0.012 0.013 0.013 0.013 0.013 0.014 0.014 0.017 0.017 0.018 0.018 0.020 0.020 0.021 0.021 0.022 0.022 0.023 0.023 0.023 0.023 0.023 0.023 0.024 0.024 0.024 0.024 0.024 0.024 0.025 0.025 0.026 0.026 0.026 0.026 0.026 0.026 0.027 0.027 0.028 0.028 0.028 0.028 0.028 0.028 0.028 0.028 0.029 0.029 0.029 0.029 0.029 0.029 0.030 0.030 0.030 0.030 0.030 0.030 0.031 0.031 0.031 0.031 0.031 0.031 0.031 0.031 0.031 0.031 0.032 0.032 0.032 0.032 0.032 0.032 0.032 0.032 0.032 0.032 0.032 0.032 0.032 0.032 0.032 0.032 0.032 0.032 0.033 0.033 0.033 0.033 0.033 0.033 0.033 0.033 0.033 0.033 0.033 0.033 0.033 0.033 0.033 0.033 0.034 0.034 0.034 0.034 0.034 0.034 0.034 0.034 0.034 0.034 0.034 0.034 0.034 0.034 0.034 0.034 0.034 0.034 0.035 0.035 0.035 0.035 0.035 0.035 0.035 0.035 0.035 0.035 0.035 0.035 0.035 0.035 0.035 0.035 0.035 0.035 0.035 0.035 0.035 0.035 0.035 0.035 0.035 0.035 0.035 0.035 0.035 0.035 0.036 0.036 0.036 0.036 0.036 0.036 0.036 0.036 0.036 0.036 0.036 0.036 0.036 0.036 0.037 0.037 0.037 0.037 0.037 0.037 0.037 0.037 0.037 0.037 0.037 0.037 0.037 0.037 0.037 0.037 0.037 0.037 0.037 0.037 0.037 0.037 0.037 0.037 0.037 0.037 0.037 0.037 0.037 0.037 0.037 0.037 0.038 0.038 0.038 0.038 0.038 0.038 0.038 0.038 0.038 0.038 0.038 0.038 0.038 0.038 0.039 0.039 0.039 0.039 0.039 0.039 0.039 0.039 0.039 0.039 0.039 0.039 0.039 0.039 0.039 0.039 0.039 0.039 0.039 0.039 0.039 0.039 0.039 0.039 0.039 0.039 0.039 0.039 0.040 0.040 0.040 0.040 0.040 0.040 0.040 0.040 0.040 0.040 0.040 0.040 0.040 0.040 0.040 0.040 0.040 0.040 0.040 0.040 0.040 0.040 0.040 0.040 0.040 0.040 0.040 0.040 0.040 0.040 0.040 0.040 0.040 0.040 0.040 0.040 0.041 0.041 0.041 0.041 0.041 0.041 0.041 0.041 0.041 0.041 0.041 0.041 0.041 0.041 0.041 0.041 0.041 0.041 0.041 0.041 0.041 0.041 0.041 0.041 0.041 0.041 0.041 0.041 0.041 0.041 0.041 0.041 0.041 0.041 0.041 0.041 0.041 0.041 0.041 0.041 0.041 0.041 0.041 0.041 0.042 0.042 0.042 0.042 0.042 0.042 0.042 0.042 0.042 0.042 0.042 0.042 0.042 0.042 0.042 0.042 0.042 0.042 0.042 0.042 0.042 0.042 0.042 0.042 0.042 0.042 0.042 0.042 0.042 0.042 0.042 0.042 0.042 0.042 0.042 0.042 0.042 0.042 0.042 0.042 0.042 0.042 0.042 0.042 0.042 0.042 0.042 0.042 0.042 0.042 0.043 0.043 0.043 0.043 0.043 0.043 0.043 0.043 0.043 0.043 0.043 0.043 0.043 0.043 0.043 0.043 0.043 0.043 0.043 0.043 0.043 0.043 0.043 0.043 0.043 0.043 0.043 0.043 0.043 0.043 0.043 0.043 0.043 0.043 0.043 0.043 0.043 0.043 0.043 0.043 0.043 0.043 0.043 0.043 0.043 0.043 0.043 0.043 0.043 0.043 0.043 0.043 0.043 0.043 0.043 0.043 0.044 0.044 0.044 0.044 0.044 0.044 0.044 0.044 0.044 0.044 0.044 0.044 0.044 0.044 0.044 0.044 0.044 0.044 0.044 0.044 0.044 0.044 0.044 0.044 0.044 0.044 0.044 0.044 0.044 0.044 0.044 0.044 0.044 0.044 0.044 0.044 0.044 0.044 0.044 0.044 0.044 0.044 0.044 0.044 0.044 0.044 0.044 0.044 0.044 0.044 0.044 0.044 0.044 0.044 0.044 0.044 0.044 0.044 0.044 0.044 0.044 0.044 0.044 0.044 0.044 0.044 0.044 0.044 0.044 0.044 0.044 0.044 0.045 0.045 0.045 0.045 0.045 0.045 0.045 0.045 0.045 0.045 0.045 0.045 0.045 0.045 0.045 0.045 0.045 0.045 0.045 0.045 0.045 0.045 0.045 0.045 0.045 0.045 0.045 0.045 0.045 0.045 0.045 0.045 0.045 0.045 0.045 0.045 0.045 0.045 0.045 0.045 0.045 0.045 0.045 0.045 0.045 0.045 0.045 0.045 0.045 0.045 0.045 0.045 0.045 0.045 0.045 0.045 0.045 0.045 0.045 0.045 0.045 0.045 0.046 0.046 0.046 0.046 0.046 0.046 0.046 0.046 0.046 0.046 0.046 0.046 0.046 0.046 0.046 0.046 0.046 0.046 0.046 0.046 0.046 0.046 0.046 0.046 0.046 0.046 0.046 0.046 0.046 0.046 0.046 0.046 0.046 0.046 0.046 0.046 0.046 0.046 0.046 0.046 0.046 0.046 0.046 0.046 0.046 0.046 0.046 0.046 0.046 0.046 0.046 0.046 0.046 0.046 0.046 0.046 0.046 0.046 0.046 0.046 0.046 0.046 0.046 0.046 0.046 0.046 0.046 0.046 0.046 0.046 0.046 0.046 0.046 0.046 0.046 0.046 0.046 0.046 0.046 0.046 0.046 0.046 0.046 0.046 0.046 0.046 0.046 0.046 0.046 0.046 0.046 0.046 0.047 0.047 0.047 0.047 0.047 0.047 0.047 0.047 0.047 0.047 0.047 0.047 0.047 0.047 0.047 0.047 0.047 0.047 0.047 0.047 0.047 0.047 0.047 0.047 0.047 0.047 0.047 0.047 0.047 0.047 0.047 0.047 0.047 0.047 0.047 0.047 0.047 0.047 0.047 0.047 0.047 0.047 0.047 0.047 0.047 0.047 0.047 0.047 0.047 0.047 0.047 0.047 0.047 0.047 0.047 0.047 0.047 0.047 0.047 0.047 0.047 0.047 0.047 0.047 0.047 0.047 0.047 0.047 0.047 0.047 0.048 0.048 0.048 0.048 0.048 0.048 0.048 0.048 0.048 0.048 0.048 0.048 0.048 0.048 0.048 0.048 0.048 0.048 0.048 0.048 0.048 0.048 0.048 0.048 0.048 0.048 0.048 0.048 0.048 0.048 0.048 0.048 0.048 0.048 0.048 0.048 0.048 0.048 0.048 0.048 0.048 0.048 0.048 0.048 0.048 0.048 0.048 0.048 0.048 0.048 0.048 0.048 0.048 0.048 0.048 0.048 0.048 0.048 0.048 0.048 0.048 0.048 0.048 0.048 0.048 0.048 0.048 0.048 0.048 0.048 0.048 0.048 0.048 0.048 0.048 0.048 0.048 0.048 0.048 0.048 0.048 0.048 0.048 0.048 0.048 0.048 0.048 0.048 0.048 0.048 0.048 0.048 0.048 0.048 0.048 0.048 0.048 0.048 0.048 0.048 0.048 0.048 0.048 0.048 0.048 0.048 0.048 0.048 0.048 0.048 0.048 0.048 0.048 0.048 0.048 0.048 0.049 0.049 0.049 0.049 0.049 0.049 0.049 0.049 0.049 0.049 0.049 0.049 0.049 0.049 0.049 0.049 0.049 0.049 0.049 0.049 0.049 0.049 0.049 0.049 0.049 0.049 0.049 0.049 0.049 0.049 0.049 0.049 0.049 0.049 0.049 0.049 0.049 0.049 0.049 0.049 0.049 0.049 0.049 0.049 0.049 0.049 0.049 0.049 0.049 0.049 0.049 0.049 0.049 0.049 0.049 0.049 0.049 0.049 0.049 0.049 0.049 0.049 0.049 0.049 0.049 0.049 0.049 0.049 0.049 0.049 0.049 0.049 0.049 0.049 0.050 0.050 0.050 0.050 0.050 0.050 0.050 0.050 0.050 0.050 0.050 0.050 0.050 0.050 0.050 0.050 0.050 0.050 0.050 0.050 0.050 0.050 0.050 0.050 0.050 0.050 0.050 0.050 0.050 0.050 0.050 0.050 0.050 0.050 0.050 0.050 0.050 0.050 0.050 0.050 0.050 0.050 0.050 0.050 0.050 0.050 0.050 0.050 0.050 0.050 0.050 0.050 0.050 0.050 0.050 0.050 0.050 0.050 0.050 0.050 0.050 0.050 0.050 0.050 0.050 0.050 0.050 0.050 0.050 0.050 0.050 0.050 0.050 0.050 0.050 0.050 0.050 0.050 0.050 0.050 0.050 0.050
# catch {puts "S2_WPWS = [get_property SLACK [get_timing_paths -delay_type min_max -max_paths 1]]"}
S2_WPWS = 0.006
# sec "S2_CG_DRYRUN"
S2 >>>>>>>>>> S2_CG_DRYRUN
# puts "S2_CG_all      = [get_clocks]"
S2_CG_all      = dclk gtrefclk0 qpll0clk_in[0] qpll0refclk_in[0] rxoutclk_out[0] txoutclk_out[0] txoutclkpcs_out[0] rxoutclk_out[0]_1 txoutclk_out[0]_1 txoutclkpcs_out[0]_1 dbg_hub/inst/BSCANID.u_xsdbm_id/SWITCH_N_EXT_BSCAN.bscan_inst/SERIES7_BSCAN.bscan_inst/INTERNAL_TCK USE_DIVIDER.dclk_mmcm
# puts "S2_CG_dclk     = [get_clocks -include_generated_clocks dclk]"
S2_CG_dclk     = dclk USE_DIVIDER.dclk_mmcm
# puts "S2_CG_gtrefclk = [get_clocks -include_generated_clocks gtrefclk0]"
S2_CG_gtrefclk = gtrefclk0 qpll0clk_in[0] qpll0refclk_in[0] rxoutclk_out[0] txoutclk_out[0] txoutclkpcs_out[0] rxoutclk_out[0]_1 txoutclk_out[0]_1 txoutclkpcs_out[0]_1
# catch {puts "S2_CG_dbg_n   = [llength [get_debug_cores dbg_hub]]"}
S2_CG_dbg_n   = 1
# catch {puts "S2_CG_sync_n  = [llength [get_cells -hier -filter {NAME =~ *cdc_sync2*}]]"}
S2_CG_sync_n  = 0
# catch {puts "S2_CG_snap_n  = [llength [get_cells -hier -filter {NAME =~ *snap_hold*}]]"}
S2_CG_snap_n  = 0
# catch {puts "S2_CG_obs_n   = [llength [get_cells -hier -filter {NAME =~ *obs_reg*}]]"}
S2_CG_obs_n   = 0
# catch {puts "S2_CG_rfchk_n = [llength [get_cells -hier -filter {NAME =~ *u_chk1*}]]"}
S2_CG_rfchk_n = 806
# sec "S2_UTIL"
S2 >>>>>>>>>> S2_UTIL
#             if {[string first $k $t] == 0} { puts "S2_UTIL $t" ; break }
# } else { puts "S2_UTIL_MISSING $urpt" }
# sec "S2_BIT"
S2 >>>>>>>>>> S2_BIT
#     puts "S2_BIT $b size=[file size $b]"
#     puts "S2_SHA256 $sha"
S2_BIT D:/repo/XCKU5PMini/udp_hls_10g/_proj_10g/xxv_loop/pcs64_2ch/pcs64_2ch.runs/impl_1/xxv_loop_top.bit size=15431263
S2_SHA256 2acafb1f4c48c2ff22fcf78ce6fca079f5c3aae98695a49a8206427c7b767f0a *D:/repo/XCKU5PMini/udp_hls_10g/_proj_10g/xxv_loop/pcs64_2ch/pcs64_2ch.runs/impl_1/xxv_loop_top.bit
# puts "S2_LTX = $ltx"
S2_LTX = D:/repo/XCKU5PMini/udp_hls_10g/_proj_10g/xxv_loop/pcs64_2ch/pcs64_2ch.runs/impl_1/debug_nets.ltx D:/repo/XCKU5PMini/udp_hls_10g/_proj_10g/xxv_loop/pcs64_2ch/pcs64_2ch.runs/impl_1/xxv_loop_top.ltx
# if {[llength $bs] > 0} { puts "S2_VERDICT = PASS_BITSTREAM" } else { puts "S2_VERDICT = NO_BITSTREAM" }
S2_VERDICT = PASS_BITSTREAM
